5945717
5940154
5940365
5939587
5938325
5940211
5940292
5940609
5939974
5940305
5940662
5940998
5940108
5939490
5939932
5939965
5940163
5939136
5939871
5939961
5940180
5939590
5939181
5939831
5939798
5940027
5939009
5939183
5939023
5939421
5939842
5941097
5939362
5944944
5947198
5948435
5963075
5942427
5941335
5940114
5939432
5940114
5939963
5940366
5939244
5939812
5939834
5940051
5939628
5939160
5939929
5939934
5940010
5939337
5939952
5940108
5940474
5940037
5939443
5940215
5940347
5940442
5939795
5940333
5940423
5940916
5940535
5939930
5940656
5940753
5941020
5940417
5940863
5941001
5941395
5940742
5940333
5941158
5941120
5941250
5940357
5940874
5940996
5941324
5940726
5940468
5940990
5941059
5941214
5940225
5940531
5940726
5940961
5940167
5939240
5940474
5940162
5940341
5939384
5939880
5939927
5940105
5939653
5937245
5939879
5939883
5940089
5939150
5939729
5939813
5940116
5939560
5939136
5939221
5939715
5940069
5939129
5939661
5939667
5939956
5939488
5939079
5939733
5939702
5939900
5938893
5939513
5939596
5939930
5939299
5938818
5939451
5939517
5939622
5938830
5939354
5939373
5939479
5939235
5938669
5939437
5939433
5939464
5938731
5939288
5939408
5939206
5939229
5938604
5939348
5939342
5939483
5938780
5939223
5939302
5939716
5939320
5938628
5939380
5939432
5939391
5938604
5939029
5939428
5939931
5939476
5939120
5940118
5940029
5939942
5939127
5939220
5939232
5939466
5938902
5938218
5939229
5939280
5939427
5938450
5938867
5939105
5939409
5938734
5938248
5938534
5938433
5939220
5939992
5941347
5943675
5945827
5947287
5948051
5943883
5941147
5939997
5938824
5939526
5939652
5939689
5939189
5938703
5939349
5939370
5939646
5938684
5937318
5939411
5939651
5939232
5938828
5939567
5939651
5939904
5939040
5939632
5939806
5940002
5939727
5939285
5940047
5940100
5940450
5939608
5940204
5940400
5940495
5940204
5939811
5940669
5940770
5941080
5940116
5940764
5940828
5941225
5940653
5940131
5940798
5940853
5941186
5940096
5940637
5940702
5941100
5940563
5939951
5940613
5940442
5940445
5939687
5939889
5939997
5940108
5939961
5939004
5939667
5939608
5939743
5939126
5939343
5939569
5939891
5940199
5938724
5939480
5939484
5939684
5938792
5939202
5939587
5939832
5943266
5938916
5939439
5939489
5939757
5938760
5939120
5939372
5939666
5939073
5938745
5939377
5939310
5939612
5938631
5938759
5939275
5939471
5939035
5938670
5939441
5939299
5939531
5938608
5939153
5939145
5939402
5938946
5938450
5938726
5939263
5939488
5938519
5939074
5939434
5939437
5938960
5938508
5939154
5939145
5939463
5938575
5939218
5939236
5939285
5938960
5938465
5939034
5939034
5939464
5938772
5939346
5939692
5940211
5939752
5939110
5939581
5939369
5939447
5938510
5938897
5939058
5938363
5939182
5938297
5939065
5938935
5939606
5938500
5938793
5938886
5938806
5938141
5937607
5939414
5941004
5942963
5943752
5945854
5948099
5945972
5942236
5939512
5939594
5939375
5939688
5938490
5939096
5939284
5939565
5938880
5938447
5939227
5939349
5939524
5938632
5939117
5939429
5939672
5939220
5938914
5939471
5939780
5939942
5943187
5939526
5939838
5940243
5939742
5937335
5940185
5940149
5940534
5939648
5939273
5940464
5940735
5940411
5939942
5940674
5940636
5941091
5940181
5940603
5940779
5940958
5940514
5939915
5940677
5940662
5940953
5939912
5940388
5940464
5940605
5940185
5939487
5940020
5939880
5940162
5939081
5939494
5939528
5939543
5939246
5938629
5939365
5939372
5939459
5938695
5939087
5939360
5939659
5939080
5938545
5939375
5939305
5939679
5938699
5939137
5939198
5939573
5939122
5938491
5939131
5939210
5939379
5938446
5938923
5939028
5935281
5938816
5938189
5938903
5939042
5939284
5938185
5938628
5938894
5939149
5938592
5938063
5938784
5938973
5947361
5938264
5938523
5938878
5939066
5938641
5937970
5938867
5938809
5939111
5938096
5938435
5938755
5938941
5938477
5938053
5938936
5938939
5939038
5938166
5938207
5938800
5938934
5938378
5938187
5939067
5939098
5939637
5938794
5937292
5939429
5939384
5938730
5938031
5938637
5938659
5938953
5938057
5938563
5938627
5938786
5938392
5937824
5938573
5938585
5938864
5937437
5937893
5937257
5938958
5940228
5941640
5944161
5945160
5946997
5942749
5939550
5938823
5938952
5938869
5938130
5938824
5939033
5939265
5938156
5938664
5938835
5939045
5938759
5938038
5938982
5939026
5939203
5938580
5938961
5939259
5939527
5939278
5938641
5939403
5939463
5939754
5939148
5939404
5939630
5940069
5939566
5939160
5940005
5940193
5940426
5940079
5940009
5940345
5940606
5940195
5939901
5940568
5940553
5940817
5939910
5940180
5940517
5940699
5940089
5939763
5940387
5940385
5940599
5939547
5939719
5939820
5939976
5939430
5938754
5939365
5939272
5939473
5938427
5938931
5939011
5939210
5938825
5938220
5938949
5938928
5939211
5938287
5938804
5938995
5939010
5938782
5938207
5939016
5938965
5939270
5938267
5938772
5938829
5939108
5938827
5938193
5938826
5939005
5939186
5938112
5938809
5938713
5938849
5938702
5937982
5938676
5938688
5939144
5938140
5938459
5938819
5938965
5938616
5937847
5938549
5938575
5939093
5938135
5938315
5938582
5938985
5938435
5937815
5938490
5938693
5938833
5938167
5938377
5938654
5938876
5938325
5937872
5938520
5938469
5938862
5938398
5938529
5939074
5939479
5941102
5938570
5938920
5938776
5938791
5937807
5938148
5938426
5938747
5938303
5937739
5938351
5938517
5938793
5937808
5938131
5938392
5938256
5937548
5937061
5938483
5940062
5941791
5942722
5943888
5946425
5945605
5940909
5938712
5938913
5938866
5939178
5937971
5938636
5938747
5938844
5938522
5937961
5938674
5938728
5939144
5938135
5938768
5938866
5938982
5938839
5938164
5939110
5939143
5939401
5938572
5939081
5939285
5939417
5939296
5938746
5939589
5939579
5939813
5939142
5939681
5939881
5940205
5939894
5939300
5940185
5940161
5940702
5939636
5939992
5940282
5940515
5940174
5939444
5940214
5940172
5940726
5939577
5939813
5939962
5940110
5939896
5938790
5939430
5939364
5939470
5938453
5938640
5938946
5939101
5938622
5938150
5938798
5938811
5939078
5938632
5938485
5938824
5938956
5938541
5938155
5938877
5938922
5939077
5938234
5938424
5938815
5939005
5938651
5938050
5938784
5938876
5939058
5938179
5938224
5938757
5938953
5938577
5938033
5938668
5938665
5939066
5938037
5938576
5938929
5938886
5938463
5937918
5938614
5938647
5938877
5937994
5938406
5938575
5938722
5938519
5937850
5938615
5938544
5938966
5938145
5938315
5938518
5938616
5938525
5937840
5938635
5938703
5938974
5938091
5938430
5938496
5938507
5938687
5938087
5938902
5937192
5939473
5938700
5938850
5938921
5938959
5938527
5937683
5938446
5938526
5938768
5937812
5938151
5938416
5938729
5938684
5937647
5938338
5938167
5939079
5937341
5937678
5939073
5940697
5942118
5943026
5945769
5947444
5944073
5940750
5939138
5938978
5939186
5938362
5937705
5938707
5938768
5938983
5937988
5938320
5938687
5938777
5938551
5938066
5938864
5938795
5939215
5938330
5938497
5938963
5939182
5938953
5938389
5938949
5939287
5939657
5938793
5938837
5939618
5939773
5939565
5938945
5939847
5939926
5940198
5939399
5939849
5940058
5940315
5939964
5939378
5940112
5940120
5940483
5939515
5939855
5939959
5939926
5939873
5939061
5939782
5939798
5940115
5939043
5939211
5939372
5939243
5939165
5938292
5938961
5938824
5939375
5938299
5938527
5938798
5939052
5938701
5937993
5938773
5938786
5939008
5938196
5938523
5938806
5938933
5938778
5937975
5938779
5938799
5938999
5938188
5938495
5938738
5938957
5938787
5937792
5938718
5938729
5938957
5937970
5938358
5938614
5938815
5938470
5937738
5938552
5938617
5938884
5937889
5938061
5938571
5938690
5938336
5937784
5938438
5938469
5938791
5937872
5938120
5938451
5938644
5938355
5937789
5938505
5938466
5938766
5937851
5937880
5938473
5938640
5938390
5937735
5938177
5938349
5938959
5938144
5938694
5939091
5939329
5939170
5938351
5938829
5938667
5938850
5937838
5938130
5938333
5938489
5938314
5937562
5938402
5938320
5938708
5937729
5938057
5939185
5938128
5937496
5937058
5938704
5939759
5941884
5942989
5945007
5947305
5946306
5941653
5938959
5938978
5938792
5939247
5937979
5938312
5938532
5938739
5938519
5937764
5938494
5938598
5938890
5938273
5938406
5938748
5939037
5938898
5938094
5938905
5938979
5939339
5938654
5938745
5939156
5939356
5939589
5938556
5939370
5939512
5939857
5938972
5939201
5939732
5940004
5939818
5939258
5939986
5940003
5940382
5939411
5939708
5940071
5940151
5939871
5939254
5939885
5939944
5940175
5939296
5939354
5939703
5939762
5939397
5938623
5939357
5939149
5939358
5938317
5938623
5938642
5938806
5938498
5937782
5938592
5938670
5938939
5938025
5938422
5938617
5938744
5938537
5937905
5938635
5938578
5938918
5938137
5938456
5938630
5938623
5938643
5937826
5938625
5938542
5938892
5938017
5938359
5938500
5938489
5938503
5937705
5938471
5938433
5938877
5937928
5938120
5938504
5938669
5938449
5937659
5938373
5938386
5938690
5937933
5938048
5938345
5938584
5938681
5937714
5938430
5938359
5938685
5937925
5937948
5938428
5938566
5938195
5937590
5938393
5938329
5938714
5937975
5938015
5938408
5938531
5938260
5937677
5938282
5938214
5938835
5938617
5938404
5939060
5939209
5943020
5938231
5938594
5938412
5938622
5937582
5937767
5938269
5938393
5938129
5937476
5938208
5938165
5938528
5937632
5937493
5937969
5937726
5937404
5937010
5938638
5940191
5942327
5943340
5943398
5946957
5944834
5940593
5938291
5938684
5938678
5938933
5937829
5938275
5938487
5938453
5938332
5937629
5938357
5938394
5938782
5937971
5938243
5938515
5938617
5938612
5937922
5938713
5938821
5939178
5938301
5938603
5939015
5939007
5939194
5938392
5939272
5939318
5939959
5938991
5939251
5939663
5939873
5939786
5939083
5939882
5939950
5940339
5939675
5939596
5940036
5940153
5940005
5939199
5939889
5939944
5940157
5939363
5939216
5939691
5939707
5939287
5938538
5939274
5939054
5939302
5938187
5938238
5938634
5938742
5938477
5937825
5938480
5938558
5938869
5937917
5938132
5938619
5938672
5938475
5937767
5938468
5938552
5938926
5937933
5938110
5938623
5938572
5938413
5937767
5938517
5938555
5938873
5937927
5937212
5938503
5938504
5938427
5937668
5938411
5938552
5938735
5937852
5938110
5938362
5938330
5938333
5937548
5938344
5938285
5938649
5937823
5938013
5938199
5938250
5938202
5937480
5938277
5938289
5938584
5937762
5937953
5938206
5938411
5938240
5937410
5938290
5938195
5938672
5937659
5937957
5938300
5938428
5938346
5937534
5938213
5938074
5938502
5938013
5938208
5938897
5939125
5939100
5938297
5938788
5938492
5938502
5937834
5937760
5938199
5938303
5938546
5937329
5938090
5938203
5938408
5937754
5937489
5937993
5937885
5937253
5936603
5937816
5939333
5941076
5941383
5943677
5946041
5946896
5946205
5939401
5938663
5938624
5938825
5937701
5937722
5938467
5938398
5938159
5937460
5938303
5938419
5938650
5937872
5938120
5938368
5938649
5938439
5937841
5938595
5938666
5939115
5938305
5938621
5938960
5939034
5939061
5938389
5939193
5939336
5939718
5938933
5939184
5939614
5939666
5939710
5939154
5939831
5939899
5940370
5939473
5939605
5940021
5940005
5940112
5939200
5940011
5939948
5940375
5939318
5939418
5939612
5939213
5939655
5938655
5939274
5939064
5939271
5938349
5938234
5938547
5938696
5938540
5937723
5938455
5938443
5939192
5937955
5937984
5938373
5938438
5938534
5937756
5938440
5938423
5938722
5938105
5937894
5938443
5938565
5938368
5937705
5938421
5938425
5938698
5937735
5937927
5938344
5938269
5938168
5937592
5938367
5938228
5938526
5937636
5937422
5938137
5938208
5938019
5937409
5938150
5938093
5938448
5937521
5937321
5938038
5938152
5938025
5937328
5938426
5938098
5938500
5937547
5937769
5938013
5938136
5938058
5937255
5938072
5938035
5938523
5937647
5937748
5938134
5938069
5938005
5937203
5938205
5938227
5939050
5938259
5938375
5938768
5938636
5938409
5937393
5937895
5937890
5938416
5937497
5937528
5937902
5938083
5938013
5937117
5937794
5937853
5938399
5937322
5936818
5937251
5937794
5938616
5939127
5941858
5939566
5945306
5945555
5941447
5938926
5938200
5938294
5937459
5938055
5938149
5938559
5937764
5937672
5938092
5938184
5938495
5937288
5938147
5938251
5938621
5938110
5937837
5938463
5938479
5938335
5937816
5938634
5938731
5939200
5938284
5938383
5938892
5938962
5947266
5938269
5939089
5939298
5939729
5938781
5938787
5939619
5939740
5939828
5939136
5939911
5939953
5940282
5939358
5939565
5939904
5939898
5939785
5938901
5939738
5939742
5939988
5938959
5939010
5939365
5939177
5938933
5938111
5938730
5938550
5938811
5937855
5937989
5938310
5938240
5938291
5937412
5938211
5938118
5938658
5937723
5937821
5938335
5938223
5938383
5937505
5938337
5938370
5938580
5937848
5937913
5938216
5938496
5938382
5937535
5938233
5938239
5938484
5937844
5937743
5938103
5938290
5938380
5937354
5938116
5938067
5938363
5937869
5937489
5937984
5938030
5938146
5937265
5937966
5937907
5938337
5937588
5937389
5937918
5938048
5937787
5937168
5937868
5937918
5938397
5937303
5937297
5938020
5937970
5937958
5937277
5937890
5937836
5937993
5937373
5937593
5938082
5938439
5938655
5937736
5938378
5938360
5938369
5937413
5937504
5937763
5937880
5937841
5937068
5937792
5937848
5938069
5937196
5935268
5937750
5937753
5937625
5936487
5937190
5937504
5939035
5939502
5941428
5942979
5944423
5944780
5939729
5938477
5938119
5938560
5937727
5937545
5938037
5938210
5938159
5937260
5938085
5938050
5938383
5937647
5937539
5938095
5937985
5938457
5937501
5938270
5938322
5938538
5938104
5937902
5938553
5938691
5938743
5938028
5938722
5938939
5938766
5938566
5938502
5939152
5939379
5939496
5938655
5939400
5939503
5939999
5939407
5939009
5939700
5939798
5940163
5938849
5939668
5939737
5939959
5939367
5938997
5939511
5939462
5941193
5938653
5939075
5938899
5939168
5939182
5937979
5938420
5938257
5938176
5937286
5938175
5938146
5938467
5937578
5937280
5937984
5938210
5938177
5937291
5938123
5938266
5938531
5937726
5937894
5937959
5938347
5938298
5937461
5938262
5938099
5938547
5937764
5937879
5938385
5938058
5938221
5937408
5938127
5938419
5938526
5937681
5937691
5938148
5938126
5938171
5937262
5937994
5938035
5938543
5937663
5937461
5937997
5938089
5938153
5937305
5937990
5937923
5938314
5937730
5937520
5938108
5938122
5938250
5937246
5938007
5938020
5938230
5937687
5937578
5938192
5938620
5938861
5938038
5938516
5938340
5938380
5937718
5937347
5937941
5937977
5937899
5937205
5937832
5937889
5938169
5937637
5937254
5937803
5937807
5937560
5936405
5937144
5937728
5931293
5939925
5941385
5943545
5945443
5945599
5941825
5939915
5938600
5938820
5937986
5937326
5938135
5938201
5938221
5937372
5938055
5938187
5938569
5937767
5937327
5938258
5938275
5938390
5937539
5938361
5938427
5938754
5938075
5938100
5938631
5938771
5938813
5938018
5938844
5938734
5939320
5938669
5938605
5939700
5939251
5939471
5938678
5939419
5939596
5939795
5939270
5939174
5939667
5939874
5939926
5938939
5939671
5939577
5939943
5939174
5938965
5939343
5939434
5939385
5938402
5938872
5938812
5939063
5938292
5937998
5938382
5938379
5938432
5937544
5938253
5938220
5938488
5937913
5937549
5938266
5938230
5938221
5937522
5938090
5938281
5938460
5937904
5937684
5938282
5938315
5938316
5937502
5938219
5938349
5938693
5937828
5937606
5938257
5938296
5938284
5937525
5938178
5938283
5938565
5937773
5937528
5938261
5938183
5938306
5937393
5937991
5938195
5938486
5937726
5937658
5938150
5938102
5938194
5937406
5938123
5938224
5938481
5937649
5937701
5938381
5938191
5938362
5937361
5938145
5938052
5938512
5937688
5937589
5938257
5938421
5938834
5938068
5938739
5938781
5938929
5937968
5937632
5938043
5938070
5938151
5937255
5937956
5937978
5938285
5937638
5937387
5937931
5937950
5938101
5937193
5937606
5937296
5937842
5937672
5938993
5940937
5942488
5944126
5945335
5945213
5941339
5940070
5938268
5937976
5938483
5938187
5938616
5937617
5938121
5938219
5938593
5938038
5937643
5938342
5938336
5938361
5937760
5938519
5938483
5938901
5938373
5937974
5938688
5938724
5938812
5938056
5938828
5938951
5939343
5938684
5938580
5939312
5939425
5939447
5939166
5939398
5939635
5940010
5939421
5938956
5939891
5939931
5940104
5940186
5939907
5939885
5940194
5939389
5938761
5939716
5939691
