0
0
3252
2045
2081
2040
1542
1878
2109
2145
2144
1880
2158
2218
2148
1870
1849
2008
2024
1941
1821
1975
1997
1988
1812
1825
1953
1967
1901
1676
1735
1782
2034
2284
1767
3174
3708
4179
7537
2852
2302
2262
1640
1844
2179
2057
2002
1546
2121
1958
2092
1646
1827
2134
1962
2007
1666
2154
2049
2159
1779
1908
2193
2051
2115
1835
2201
2158
2250
1939
2049
2261
2181
2264
2010
2316
2274
2288
2069
2185
2335
2237
2240
2053
2293
2246
2272
2116
2156
2293
2231
2197
2008
2216
2158
2121
1846
2022
2055
2000
2001
1878
1997
1935
1965
1391
1868
1959
1914
1957
1878
1925
1927
1922
1897
1725
1907
1893
1942
1874
1892
1881
1895
1870
1858
1905
1857
1877
1840
1869
1880
1856
1813
1803
1838
1796
1854
1807
1827
1762
1830
1774
1783
1817
1762
1826
1811
1821
1712
1824
1754
1760
1799
1767
1818
1797
1795
1835
1841
1756
1784
1817
1746
1777
1744
1808
1889
1879
1898
1967
1968
1889
1919
1813
1769
1772
1740
1662
1748
1782
1746
1740
1717
1723
1747
1701
1689
1577
1561
1697
2094
2321
2844
3331
3811
4108
2984
2297
1922
1770
1868
1909
1863
1796
1716
1795
1830
1834
1747
1336
1822
1828
1794
1789
1872
1862
1884
1840
1936
1919
1925
1918
1915
1984
1983
2020
1989
2071
2077
2044
2041
2040
2133
2143
2179
2121
2207
2173
2220
2167
2128
2152
2162
2191
2131
2167
2136
2171
2147
2094
2112
2066
2008
2035
1988
1956
1935
1983
1858
1871
1868
1826
1887
1853
1852
1877
2029
1805
1834
1834
1818
1783
1842
1852
1859
2736
1882
1821
1874
1778
1745
1863
1820
1848
1673
1832
1818
1823
1767
1721
1753
1776
1797
1671
1810
1834
1812
1755
1731
1841
1755
1773
1671
1745
1652
1783
1739
1718
1814
1816
1763
1704
1760
1751
1758
1745
1745
1846
1776
1743
1714
1735
1707
1719
1747
1786
1858
1893
1959
1899
1894
1850
1818
1750
1733
1757
1735
1508
1754
1692
1714
1709
1793
1725
1718
1692
1639
1495
1535
1780
2201
2607
3016
3483
3963
3433
2573
2054
1820
1772
1816
1775
1819
1741
1782
1726
1778
1739
1755
1773
1796
1812
1768
1799
1807
1889
1805
1875
1876
2880
1966
1885
2003
1890
1459
2017
1961
2025
1988
1905
2020
2109
2050
2150
2142
2078
2159
2128
2238
2114
2148
2080
2122
2136
2106
2119
2059
2164
2040
2063
2009
2019
1972
1913
1936
1867
1932
1829
1802
1773
1794
1804
1797
1758
1771
1822
1786
1821
1742
1771
1801
1774
1798
1779
1835
1732
1795
1767
1768
1742
1758
1735
1721
1769
1697
780
1656
1676
1636
1758
1757
1623
1681
1646
1765
1606
1639
1606
1724
3666
1730
1682
1729
1641
1543
1712
1650
1746
1513
1683
1660
1693
1606
1507
1713
1670
1746
1525
1697
1598
1695
1612
1508
1738
1711
1764
1710
1831
1395
1812
1733
1606
1709
1614
1636
1545
1632
1725
1612
1574
1522
1629
1607
1615
1541
1480
1532
1280
1596
1972
2545
2989
3259
3570
2855
1981
1721
1588
1612
1708
1699
1735
1600
1645
1740
1708
1635
1610
1681
1729
1728
1616
1767
1810
1797
1764
1743
1831
1824
1844
1754
1902
1904
1891
1891
1834
1938
1981
2016
1949
2119
2061
2066
2038
2002
2108
2122
2093
2066
2078
2094
2102
2061
1994
2084
2058
2049
2014
2001
1971
1922
1881
1822
1822
1816
1770
1738
1723
1763
1719
1701
1686
1680
1691
1689
1678
1685
1738
1718
1644
1668
1679
1703
1711
1684
1687
1715
1674
1667
1691
1678
1663
1710
1666
1648
1732
1637
1607
1654
1615
1619
1634
1664
1649
1631
1674
1648
1632
1601
1581
1612
1641
1647
1598
1615
1644
1588
1582
1587
1627
1581
1665
1623
1633
1605
1570
1598
1590
1565
1587
1697
1661
1729
1767
2224
1793
1701
1669
1555
1534
1583
1575
1604
1514
1565
1557
1598
1557
1541
1580
1555
1481
1348
1404
1583
1950
2301
2769
3014
3545
3325
2245
1855
1700
1605
1661
1632
1724
1614
1572
1623
1660
1630
1598
1661
1670
1750
1642
1619
1702
1711
1724
1710
1723
1786
1821
1765
1729
1820
1844
1840
1820
1829
1918
1973
1907
1938
1961
1974
1997
1986
2050
2040
2028
2012
2019
2038
2016
2000
1992
2064
2019
1991
1940
1920
1950
1841
1803
1799
1740
1734
1714
1680
1661
1629
1675
1644
1656
1644
1766
1674
1660
1627
1608
1665
1666
1676
1653
1663
1651
1658
1648
1651
1645
1647
1654
1654
1662
1595
1636
1628
1627
1646
1630
1613
1653
1619
1692
1678
1629
1592
1606
1605
1613
1596
1604
1648
1597
1588
1614
1603
1602
1578
1634
1643
1606
1581
1553
1607
1601
1602
1623
1634
1638
1646
1584
1538
1642
1657
1679
1272
1737
1768
1723
1706
1666
1583
1554
1546
1628
1561
1551
1547
1578
1615
1623
1541
1532
1543
1631
1439
1436
1730
2064
2450
2877
3378
3839
2907
2346
1870
1680
1667
1567
1603
1628
1609
1615
1625
1656
1601
1566
1609
1676
1664
1616
1678
1721
1689
1683
1674
1706
1750
1686
1759
1781
1812
1771
1844
1834
1863
1889
1929
1918
1924
1970
2030
1946
1959
1967
2002
1986
1965
2005
1991
2021
1934
1883
1945
1919
1904
1894
1906
1888
1859
1797
1711
1761
1717
1701
1663
1723
1684
1676
1638
1671
1637
1637
1642
1645
1621
1663
1674
1659
1633
1658
1635
1640
1646
1624
1661
1673
1638
1636
1657
1595
1619
1647
1605
1602
1635
1597
1614
1580
1575
1580
1603
1604
1586
1555
1596
1572
1558
1597
1562
1561
1566
1582
1576
1557
1572
1560
1592
1583
1562
1567
1581
1515
1557
1571
1559
1572
1510
1539
1603
1634
1714
1722
1730
1758
1729
1671
1627
1587
1556
1573
1545
1532
1538
1527
1565
1547
1545
1539
1551
1733
1447
1347
1416
1600
1858
2335
2842
3276
3741
3500
2446
1927
1688
1587
1692
1649
1633
1536
1563
1628
1630
1570
1560
1606
1715
1670
1606
1630
1718
1699
1675
1671
1707
1802
1749
1714
1719
1865
1794
1799
1803
1845
1871
1871
1858
1904
1919
1970
1942
1946
1965
1967
1988
1945
1927
1941
1965
1923
1930
1928
1944
1888
1868
1850
1820
1802
1786
1733
1710
1683
1704
1611
1611
1602
1598
1602
1615
1608
1623
1658
1593
1591
1603
1614
1602
1599
1609
1642
1653
1596
1556
1640
1590
1599
1587
1609
1618
1631
1578
1543
1595
1569
1558
1573
1589
1594
1571
1578
1584
1572
1550
1541
1552
1548
1591
1555
1540
1564
1626
1569
1564
1556
1546
1584
1539
1561
1568
1504
1528
1545
1552
1548
1584
1560
1560
1547
1526
1546
1528
1512
1588
1735
1660
1720
1733
2652
1719
1625
1622
1494
1430
1545
1528
1543
1403
1531
1517
1547
1482
1463
1460
1445
1379
1241
1404
1604
2014
2425
2869
2940
3652
3173
2094
1782
1637
1582
1600
1548
1691
1528
1517
1523
1605
1549
1512
1561
1587
1673
1539
1561
1587
1670
1627
1643
1665
1666
1740
1666
1663
1730
1762
1763
1770
1862
1845
1893
1834
1883
1889
1938
1926
1937
1961
2005
1969
1940
1946
1948
1953
1929
1940
1904
1939
1890
1862
1849
1772
1789
1772
1719
1708
1643
1627
1584
1604
1554
1607
1591
1577
1586
1564
1600
1585
1582
1560
1603
1570
1578
1606
1586
1598
1589
1561
1561
1601
1589
1580
1588
1586
1385
1562
1541
1551
1568
1576
1571
1568
1559
1610
1524
1504
1534
1544
1552
1518
1548
1539
1581
1488
1488
1495
1519
1528
1525
1529
1540
1554
1491
1528
1517
1497
1528
1509
1544
1504
1550
1515
1526
1536
1538
1508
1474
1502
1598
1605
1674
1709
1715
1715
1651
1597
1510
1536
1507
1496
1494
1572
1473
1489
1516
1488
1510
1437
1435
1399
1253
1293
1405
1768
2129
2419
2959
3433
3631
3509
2087
1670
1595
1520
1521
1567
1553
1474
1422
1577
1559
1550
1495
1562
1651
1532
1557
1519
1659
1634
1613
1605
1662
1753
1695
1644
1688
1768
1766
1778
1775
1821
1883
1855
1811
1853
1959
1923
1922
1944
1959
1994
1957
1917
1957
1973
1978
1948
1949
1920
1930
1859
1727
1835
1830
1773
1740
1676
1673
1626
1576
1593
1557
1584
1574
1576
1652
1574
1564
1542
1529
1552
1584
1575
1581
1551
1609
1544
1561
1572
1515
1579
1578
1577
1538
1510
1560
1539
1491
1483
1537
1552
1516
1503
1494
1418
1474
1473
1444
1498
1493
1491
1485
1472
1402
1452
1451
1444
1479
1570
1491
1506
1476
1517
1452
1454
1448
1460
1465
1474
1503
1498
1494
1474
1436
1448
1459
1502
1516
1638
1656
1652
1637
1580
1545
1504
1426
1441
1478
1454
1454
1421
1454
1440
1420
1410
1442
1453
1416
1282
1266
1365
1562
1920
2413
1892
3142
3455
2445
1776
1540
1407
1476
1479
1613
1464
1463
1453
1551
1529
1480
1444
1501
1632
1489
1547
1506
1614
1584
1452
1567
1623
1728
1661
1599
1649
1721
1710
3587
1769
1759
1946
1700
1641
1844
1902
1947
1672
1983
1957
2071
1862
1808
2028
1954
1969
1721
1913
1908
1987
1799
1735
1872
1824
1775
1539
1708
1662
1668
1536
1493
1596
1538
1543
1405
1520
1516
1556
1503
1466
1546
1552
1515
1442
1538
1550
1606
1493
1514
1561
1506
1588
1460
1552
1514
1555
1479
1518
1517
1488
1521
1470
1487
1497
1509
1443
1517
1458
1446
1461
1414
1461
1460
1465
1449
1438
1435
1427
1457
1342
1437
1440
1458
1452
1386
1411
1464
1430
1391
1461
1439
1433
1358
1407
1467
1479
1547
1579
1577
1559
1570
1463
1412
1448
1400
1407
1386
1415
1417
1444
1384
1356
909
1359
1360
1310
1299
1279
1314
1603
1902
2441
2674
3027
3093
2144
1633
1501
1468
1468
1533
1474
1464
1388
1488
1539
1481
1418
1455
1519
1489
1410
1477
1544
1566
1563
1472
1571
1591
1580
1598
1567
1674
1684
1698
1549
1688
1742
1733
1782
1762
1824
1842
1831
1856
1891
1860
1876
1884
1940
1867
1902
1895
1856
1888
1865
1815
1808
2159
1838
1768
1717
1646
1800
1625
1563
1534
1404
1481
1548
1513
1478
1403
1453
1436
1504
1417
1483
1524
1545
1497
1455
1585
1441
1534
1452
1518
1561
1507
1496
1487
1569
1542
1457
1443
1495
1508
1583
1505
1473
1526
1475
1472
1453
1456
1468
1480
1503
1459
1464
1437
1468
1435
1476
1470
1461
1443
1478
1479
1478
1470
1476
1455
1487
1481
1426
1478
1480
1492
1587
1616
1651
1612
1562
1472
1475
1421
1435
1431
1382
1447
1431
1434
1435
1453
1401
1396
1392
1306
1249
1273
1385
-204
1943
2405
2729
3368
3389
2541
1992
1569
1715
1459
1433
1433
1539
1492
1425
1515
1472
1626
1433
1437
1479
1546
1523
1483
1592
1536
1647
1506
1634
1564
1655
1643
1613
1704
1625
1768
1680
1746
1846
1777
1799
1786
1833
1828
1884
1829
1888
1826
1930
1918
1851
1894
1835
1911
1818
1845
1757
1805
1775
1735
1695
1663
1681
1601
1584
1525
1541
1531
1515
1554
1507
1535
1504
1481
1504
1501
1469
1517
1513
1525
1516
1505
1519
1504
1519
1494
1497
1531
1542
1573
1492
1500
1505
1512
1494
1521
1531
1523
1549
1497
1480
1505
1490
1493
1485
1471
1500
1525
1477
1502
1468
1466
1474
1486
1511
1503
1522
1461
1517
1527
1486
1515
1491
1505
1467
1519
1485
1477
1505
1546
1626
1652
1665
1651
1618
1546
1500
1450
1447
1447
1453
1465
1452
1454
1463
1438
1430
1429
1446
1434
1388
1298
1352
1453
1814
2153
2553
2934
3449
3288
2353
1940
1634
1519
1568
1530
1586
1527
1462
1545
1561
1562
1454
1528
1565
1519
1567
1573
1618
1638
1639
1542
1608
1659
1636
1632
1660
1711
1733
1719
1709
1767
1811
1795
1911
1810
1885
1914
1895
1796
1911
1944
1953
2162
1949
1944
1961
1884
1760
