5945717
5940154
5940365
5939587
5938325
5940211
5940292
5940609
5939974
5940305
5940662
5940998
5940108
5939490
5939932
5939965
5940163
5939136
5939871
5939961
5940180
5939590
5939181
5939831
5939798
5940027
5939009
5939183
5939023
5939421
5939842
5941097
5939362
5944944
5947198
5948435
5963075
5942427
5941335
5940114
5939432
5940114
5939963
5940366
5939244
5939812
5939834
5940051
5939628
5939160
5939929
5939934
5940010
5939337
5939952
5940108
5940474
5940037
5939443
5940215
5940347
5940442
5939795
5940333
5940423
5940916
5940535
5939930
5940656
5940753
5941020
5940417
5940863
5941001
5941395
5940742
5940333
5941158
5941120
5941250
5940357
5940874
5940996
5941324
5940726
5940468
5940990
5941059
5941214
5940225
5940531
5940726
5940961
5940167
5939240
5940474
5940162
5940341
5939384
5939880
5939927
5940105
5939653
5937245
5939879
5939883
5940089
5939150
5939729
5939813
5940116
5939560
5939136
5939221
5939715
5940069
5939129
5939661
5939667
5939956
5939488
5939079
5939733
5939702
5939900
5938893
5939513
5939596
5939930
5939299
5938818
5939451
5939517
5939622
5938830
5939354
5939373
5939479
5939235
5938669
5939437
5939433
5939464
5938731
5939288
5939408
5939206
5939229
5938604
5939348
5939342
5939483
5938780
5939223
5939302
5939716
5939320
5938628
5939380
5939432
5939391
5938604
5939029
5939428
5939931
5939476
5939120
5940118
5940029
5939942
5939127
5939220
5939232
5939466
5938902
5938218
5939229
5939280
5939427
5938450
5938867
5939105
5939409
5938734
5938248
5938534
5938433
5939220
5939992
5941347
5943675
5945827
5947287
5948051
5943883
5941147
5939997
5938824
5939526
5939652
5939689
5939189
5938703
5939349
5939370
5939646
5938684
5937318
5939411
5939651
5939232
5938828
5939567
5939651
5939904
5939040
5939632
5939806
5940002
5939727
5939285
5940047
5940100
5940450
5939608
5940204
5940400
5940495
5940204
5939811
5940669
5940770
5941080
5940116
5940764
5940828
5941225
5940653
5940131
5940798
5940853
5941186
5940096
5940637
5940702
5941100
5940563
5939951
5940613
5940442
5940445
5939687
5939889
5939997
5940108
5939961
5939004
5939667
5939608
5939743
5939126
5939343
5939569
5939891
5940199
5938724
5939480
5939484
5939684
5938792
5939202
5939587
5939832
5943266
5938916
5939439
5939489
5939757
5938760
5939120
5939372
5939666
5939073
5938745
5939377
5939310
5939612
5938631
5938759
5939275
5939471
5939035
5938670
5939441
5939299
5939531
5938608
5939153
5939145
5939402
5938946
5938450
5938726
5939263
5939488
5938519
5939074
5939434
5939437
5938960
5938508
5939154
5939145
5939463
5938575
5939218
5939236
5939285
5938960
5938465
5939034
5939034
5939464
5938772
5939346
5939692
5940211
5939752
5939110
5939581
5939369
5939447
5938510
5938897
5939058
5938363
5939182
5938297
5939065
5938935
5939606
5938500
5938793
5938886
5938806
5938141
5937607
5939414
5941004
5942963
5943752
5945854
5948099
5945972
5942236
5939512
5939594
5939375
5939688
5938490
5939096
5939284
5939565
5938880
5938447
5939227
5939349
5939524
5938632
5939117
5939429
5939672
5939220
5938914
5939471
5939780
5939942
5943187
5939526
5939838
5940243
5939742
5937335
5940185
5940149
5940534
5939648
5939273
5940464
5940735
5940411
5939942
5940674
5940636
5941091
5940181
5940603
5940779
5940958
5940514
5939915
5940677
5940662
5940953
5939912
5940388
5940464
5940605
5940185
5939487
5940020
5939880
5940162
5939081
5939494
5939528
5939543
5939246
5938629
5939365
5939372
5939459
5938695
5939087
5939360
5939659
5939080
5938545
5939375
5939305
5939679
5938699
5939137
5939198
5939573
5939122
5938491
5939131
5939210
5939379
5938446
5938923
5939028
5935281
5938816
5938189
5938903
5939042
5939284
5938185
5938628
5938894
5939149
5938592
5938063
5938784
5938973
5947361
5938264
5938523
5938878
5939066
5938641
5937970
5938867
5938809
5939111
5938096
5938435
5938755
5938941
5938477
5938053
5938936
5938939
5939038
5938166
5938207
5938800
5938934
5938378
5938187
5939067
5939098
5939637
5938794
5937292
5939429
5939384
5938730
5938031
5938637
5938659
5938953
5938057
5938563
5938627
5938786
5938392
5937824
5938573
5938585
5938864
5937437
5937893
5937257
5938958
5940228
5941640
5944161
5945160
5946997
5942749
5939550
5938823
5938952
5938869
5938130
5938824
5939033
5939265
5938156
5938664
5938835
5939045
5938759
5938038
5938982
5939026
5939203
5938580
5938961
5939259
5939527
5939278
5938641
5939403
5939463
5939754
5939148
5939404
5939630
5940069
5939566
5939160
5940005
5940193
5940426
5940079
5940009
5940345
5940606
5940195
5939901
5940568
5940553
5940817
5939910
5940180
5940517
5940699
5940089
5939763
5940387
5940385
5940599
5939547
5939719
5939820
5939976
5939430
5938754
5939365
5939272
5939473
5938427
5938931
5939011
5939210
5938825
5938220
5938949
5938928
5939211
5938287
5938804
5938995
5939010
5938782
5938207
5939016
5938965
5939270
5938267
5938772
5938829
5939108
5938827
5938193
5938826
5939005
5939186
5938112
5938809
5938713
5938849
5938702
5937982
5938676
5938688
5939144
5938140
5938459
5938819
5938965
5938616
5937847
5938549
5938575
5939093
5938135
5938315
5938582
5938985
5938435
5937815
5938490
5938693
5938833
5938167
5938377
5938654
5938876
5938325
5937872
5938520
5938469
5938862
5938398
5938529
5939074
5939479
5941102
5938570
5938920
5938776
5938791
5937807
5938148
5938426
5938747
5938303
5937739
5938351
5938517
5938793
5937808
5938131
5938392
5938256
5937548
5937061
5938483
5940062
5941791
5942722
5943888
5946425
5945605
5940909
5938712
5938913
5938866
5939178
5937971
5938636
5938747
5938844
5938522
5937961
5938674
5938728
5939144
5938135
5938768
5938866
5938982
5938839
5938164
5939110
5939143
5939401
5938572
5939081
5939285
5939417
5939296
5938746
5939589
5939579
5939813
5939142
5939681
5939881
5940205
5939894
5939300
5940185
5940161
5940702
5939636
5939992
5940282
5940515
5940174
5939444
5940214
5940172
5940726
5939577
5939813
5939962
5940110
5939896
5938790
5939430
5939364
5939470
5938453
5938640
5938946
5939101
5938622
5938150
5938798
5938811
5939078
5938632
5938485
5938824
5938956
5938541
5938155
5938877
5938922
5939077
5938234
5938424
5938815
5939005
5938651
5938050
5938784
5938876
5939058
5938179
5938224
5938757
5938953
5938577
5938033
5938668
5938665
5939066
5938037
5938576
5938929
5938886
5938463
5937918
5938614
5938647
5938877
5937994
5938406
5938575
5938722
5938519
5937850
5938615
5938544
5938966
5938145
5938315
5938518
5938616
5938525
5937840
5938635
5938703
5938974
5938091
5938430
5938496
5938507
5938687
5938087
5938902
5937192
5939473
5938700
5938850
5938921
5938959
5938527
5937683
5938446
5938526
5938768
5937812
5938151
5938416
5938729
5938684
5937647
5938338
5938167
5939079
5937341
5937678
5939073
5940697
5942118
5943026
5945769
5947444
5944073
5940750
5939138
5938978
5939186
5938362
5937705
5938707
5938768
5938983
5937988
5938320
5938687
5938777
5938551
5938066
5938864
5938795
5939215
5938330
5938497
5938963
5939182
5938953
5938389
5938949
5939287
5939657
5938793
5938837
5939618
5939773
5939565
5938945
5939847
5939926
5940198
5939399
5939849
5940058
5940315
5939964
5939378
5940112
5940120
5940483
5939515
5939855
5939959
5939926
5939873
5939061
5939782
5939798
5940115
5939043
5939211
5939372
5939243
5939165
5938292
5938961
5938824
5939375
5938299
5938527
5938798
5939052
5938701
5937993
5938773
5938786
5939008
5938196
5938523
5938806
5938933
5938778
5937975
5938779
5938799
5938999
5938188
5938495
5938738
5938957
5938787
5937792
5938718
5938729
5938957
5937970
5938358
5938614
5938815
5938470
5937738
5938552
5938617
5938884
5937889
5938061
5938571
5938690
5938336
5937784
5938438
5938469
5938791
5937872
5938120
5938451
5938644
5938355
5937789
5938505
5938466
5938766
5937851
5937880
5938473
5938640
5938390
5937735
5938177
5938349
5938959
5938144
5938694
5939091
5939329
5939170
5938351
5938829
5938667
5938850
5937838
5938130
5938333
5938489
5938314
5937562
5938402
5938320
5938708
5937729
5938057
5939185
5938128
5937496
5937058
5938704
5939759
5941884
5942989
5945007
5947305
5946306
5941653
5938959
5938978
5938792
5939247
5937979
5938312
5938532
5938739
5938519
5937764
5938494
5938598
5938890
5938273
5938406
5938748
5939037
5938898
5938094
5938905
5938979
5939339
5938654
5938745
5939156
5939356
5939589
5938556
5939370
5939512
5939857
5938972
5939201
5939732
5940004
5939818
5939258
5939986
5940003
5940382
5939411
5939708
5940071
5940151
5939871
5939254
5939885
5939944
5940175
5939296
5939354
5939703
5939762
5939397
5938623
5939357
5939149
5939358
5938317
5938623
5938642
5938806
5938498
5937782
5938592
5938670
5938939
5938025
5938422
5938617
5938744
5938537
5937905
5938635
5938578
5938918
5938137
5938456
5938630
5938623
5938643
5937826
5938625
5938542
5938892
5938017
5938359
5938500
5938489
5938503
5937705
5938471
5938433
5938877
5937928
5938120
5938504
5938669
5938449
5937659
5938373
5938386
5938690
5937933
5938048
5938345
5938584
5938681
5937714
5938430
5938359
5938685
5937925
5937948
5938428
5938566
5938195
5937590
5938393
5938329
5938714
5937975
5938015
5938408
5938531
5938260
5937677
5938282
5938214
5938835
5938617
5938404
5939060
5939209
5943020
5938231
5938594
5938412
5938622
5937582
5937767
5938269
5938393
5938129
5937476
5938208
5938165
5938528
5937632
5937493
5937969
5937726
5937404
5937010
5938638
5940191
5942327
5943340
5943398
5946957
5944834
5940593
5938291
5938684
5938678
5938933
5937829
5938275
5938487
5938453
5938332
5937629
5938357
5938394
5938782
5937971
5938243
5938515
5938617
5938612
5937922
5938713
5938821
5939178
5938301
5938603
5939015
5939007
5939194
5938392
5939272
5939318
5939959
5938991
5939251
5939663
5939873
5939786
5939083
5939882
5939950
5940339
5939675
5939596
5940036
5940153
5940005
5939199
5939889
5939944
5940157
5939363
5939216
5939691
5939707
5939287
5938538
5939274
5939054
5939302
5938187
5938238
5938634
5938742
5938477
5937825
5938480
5938558
5938869
5937917
5938132
5938619
5938672
5938475
5937767
5938468
5938552
5938926
5937933
5938110
5938623
5938572
5938413
5937767
5938517
5938555
5938873
5937927
5937212
5938503
5938504
5938427
5937668
5938411
5938552
5938735
5937852
5938110
5938362
5938330
5938333
5937548
5938344
5938285
5938649
5937823
5938013
5938199
5938250
5938202
5937480
5938277
5938289
5938584
5937762
5937953
5938206
5938411
5938240
5937410
5938290
5938195
5938672
5937659
5937957
5938300
5938428
5938346
5937534
5938213
5938074
5938502
5938013
5938208
5938897
5939125
5939100
5938297
5938788
5938492
5938502
5937834
5937760
5938199
5938303
5938546
5937329
5938090
5938203
5938408
5937754
5937489
5937993
5937885
5937253
5936603
5937816
5939333
5941076
5941383
5943677
5946041
5946896
5946205
5939401
5938663
5938624
5938825
5937701
5937722
5938467
5938398
5938159
5937460
5938303
5938419
5938650
5937872
5938120
5938368
5938649
5938439
5937841
5938595
5938666
5939115
5938305
5938621
5938960
5939034
5939061
5938389
5939193
5939336
5939718
5938933
5939184
5939614
5939666
5939710
5939154
5939831
5939899
5940370
5939473
5939605
5940021
5940005
5940112
5939200
5940011
5939948
5940375
5939318
5939418
5939612
5939213
5939655
5938655
5939274
5939064
5939271
5938349
5938234
5938547
5938696
5938540
5937723
5938455
5938443
5939192
5937955
5937984
5938373
5938438
5938534
5937756
5938440
5938423
5938722
5938105
5937894
5938443
5938565
5938368
5937705
5938421
5938425
5938698
5937735
5937927
5938344
5938269
5938168
5937592
5938367
5938228
5938526
5937636
5937422
5938137
5938208
5938019
5937409
5938150
5938093
5938448
5937521
5937321
5938038
5938152
5938025
5937328
5938426
5938098
5938500
5937547
5937769
5938013
5938136
5938058
5937255
5938072
5938035
5938523
5937647
5937748
5938134
5938069
5938005
5937203
5938205
5938227
5939050
5938259
5938375
5938768
5938636
5938409
5937393
5937895
5937890
5938416
5937497
5937528
5937902
5938083
5938013
5937117
5937794
5937853
5938399
5937322
5936818
5937251
5937794
5938616
5939127
5941858
5939566
5945306
5945555
5941447
5938926
5938200
5938294
5937459
5938055
5938149
5938559
5937764
5937672
5938092
5938184
5938495
5937288
5938147
5938251
5938621
5938110
5937837
5938463
5938479
5938335
5937816
5938634
5938731
5939200
5938284
5938383
5938892
5938962
5947266
5938269
5939089
5939298
5939729
5938781
5938787
5939619
5939740
5939828
5939136
5939911
5939953
5940282
5939358
5939565
5939904
5939898
5939785
5938901
5939738
5939742
5939988
5938959
5939010
5939365
5939177
5938933
5938111
5938730
5938550
5938811
5937855
5937989
5938310
5938240
5938291
5937412
5938211
5938118
5938658
5937723
5937821
5938335
5938223
5938383
5937505
5938337
5938370
5938580
5937848
5937913
5938216
5938496
5938382
5937535
5938233
5938239
5938484
5937844
5937743
5938103
5938290
5938380
5937354
5938116
5938067
5938363
5937869
5937489
5937984
5938030
5938146
5937265
5937966
5937907
5938337
5937588
5937389
5937918
5938048
5937787
5937168
5937868
5937918
5938397
5937303
5937297
5938020
5937970
5937958
5937277
5937890
5937836
5937993
5937373
5937593
5938082
5938439
5938655
5937736
5938378
5938360
5938369
5937413
5937504
5937763
5937880
5937841
5937068
5937792
5937848
5938069
5937196
5935268
5937750
5937753
5937625
5936487
5937190
5937504
5939035
5939502
5941428
5942979
5944423
5944780
5939729
5938477
5938119
5938560
5937727
5937545
5938037
5938210
5938159
5937260
5938085
5938050
5938383
5937647
5937539
5938095
5937985
5938457
5937501
5938270
5938322
5938538
5938104
5937902
5938553
5938691
5938743
5938028
5938722
5938939
5938766
5938566
5938502
5939152
5939379
5939496
5938655
5939400
5939503
5939999
5939407
5939009
5939700
5939798
5940163
5938849
5939668
5939737
5939959
5939367
5938997
5939511
5939462
5941193
5938653
5939075
5938899
5939168
5939182
5937979
5938420
5938257
5938176
5937286
5938175
5938146
5938467
5937578
5937280
5937984
5938210
5938177
5937291
5938123
5938266
5938531
5937726
5937894
5937959
5938347
5938298
5937461
5938262
5938099
5938547
5937764
5937879
5938385
5938058
5938221
5937408
5938127
5938419
5938526
5937681
5937691
5938148
5938126
5938171
5937262
5937994
5938035
5938543
5937663
5937461
5937997
5938089
5938153
5937305
5937990
5937923
5938314
5937730
5937520
5938108
5938122
5938250
5937246
5938007
5938020
5938230
5937687
5937578
5938192
5938620
5938861
5938038
5938516
5938340
5938380
5937718
5937347
5937941
5937977
5937899
5937205
5937832
5937889
5938169
5937637
5937254
5937803
5937807
5937560
5936405
5937144
5937728
5931293
5939925
5941385
5943545
5945443
5945599
5941825
5939915
5938600
5938820
5937986
5937326
5938135
5938201
5938221
5937372
5938055
5938187
5938569
5937767
5937327
5938258
5938275
5938390
5937539
5938361
5938427
5938754
5938075
5938100
5938631
5938771
5938813
5938018
5938844
5938734
5939320
5938669
5938605
5939700
5939251
5939471
5938678
5939419
5939596
5939795
5939270
5939174
5939667
5939874
5939926
5938939
5939671
5939577
5939943
5939174
5938965
5939343
5939434
5939385
5938402
5938872
5938812
5939063
5938292
5937998
5938382
5938379
5938432
5937544
5938253
5938220
5938488
5937913
5937549
5938266
5938230
5938221
5937522
5938090
5938281
5938460
5937904
5937684
5938282
5938315
5938316
5937502
5938219
5938349
5938693
5937828
5937606
5938257
5938296
5938284
5937525
5938178
5938283
5938565
5937773
5937528
5938261
5938183
5938306
5937393
5937991
5938195
5938486
5937726
5937658
5938150
5938102
5938194
5937406
5938123
5938224
5938481
5937649
5937701
5938381
5938191
5938362
5937361
5938145
5938052
5938512
5937688
5937589
5938257
5938421
5938834
5938068
5938739
5938781
5938929
5937968
5937632
5938043
5938070
5938151
5937255
5937956
5937978
5938285
5937638
5937387
5937931
5937950
5938101
5937193
5937606
5937296
5937842
5937672
5938993
5940937
5942488
5944126
5945335
5945213
5941339
5940070
5938268
5937976
5938483
5938187
5938616
5937617
5938121
5938219
5938593
5938038
5937643
5938342
5938336
5938361
5937760
5938519
5938483
5938901
5938373
5937974
5938688
5938724
5938812
5938056
5938828
5938951
5939343
5938684
5938580
5939312
5939425
5939447
5939166
5939398
5939635
5940010
5939421
5938956
5939891
5939931
5940104
5940186
5939907
5939885
5940194
5939389
5938761
5939716
5939691
5939713
5938759
5939378
5939311
5939430
5938680
5938456
5938884
5938803
5938846
5937831
5938492
5938489
5938764
5938171
5937931
5938461
5938445
5938638
5937775
5938474
5938495
5938797
5938114
5937913
5938634
5938630
5938796
5937870
5938634
5938554
5938874
5938321
5937982
5938630
5938187
5938811
5937928
5938522
5938569
5938912
5938285
5937826
5938517
5938582
5938809
5937914
5938525
5938470
5938285
5938321
5937848
5938524
5938585
5938776
5937785
5938486
5938456
5938882
5938288
5937907
5938541
5938563
5938569
5937752
5938400
5938609
5938875
5938526
5937809
5938536
5938626
5938728
5937970
5938556
5938622
5939067
5938173
5937769
5938617
5938924
5939201
5938594
5939077
5939346
5939468
5938599
5937761
5938439
5938479
5938647
5937754
5938234
5938403
5938846
5938071
5937908
5938452
5938478
5938571
5937724
5937665
5937836
5938154
5937913
5939043
5940727
5942544
5944372
5945412
5946736
5943774
5940874
5938810
5938443
5938955
5938715
5938927
5938050
5938659
5938177
5938824
5938421
5938135
5938751
5938808
5939018
5938202
5938919
5938992
5939129
5938698
5938416
5939218
5939193
5939236
5938645
5939299
5939418
5939358
5939329
5938923
5939727
5939816
5940180
5939151
5939935
5940031
5940532
5939746
5939607
5940385
5940531
5941079
5939849
5940315
5940457
5940796
5940458
5939575
5940341
5940287
5940349
5939568
5939900
5939898
5940100
5939233
5938814
5939497
5939351
5939375
5938448
5938994
5938920
5939292
5938469
5938189
5939016
5938944
5939131
5938156
5938877
5939006
5939283
5938679
5938483
5939021
5939071
5939194
5938349
5939044
5939060
5939297
5938662
5938543
5939115
5939062
5939240
5938342
5939078
5939065
5939181
5938670
5938352
5939063
5939036
5939139
5938291
5939036
5938977
5939258
5938704
5938309
5939003
5939003
5939128
5938200
5938988
5938926
5939032
5938702
5938236
5939047
5939001
5939267
5938351
5938792
5938901
5938999
5938722
5938267
5938900
5938951
5939315
5938256
5938838
5938985
5938325
5938889
5938280
5939077
5939118
5939550
5938231
5938719
5939067
5939679
5939233
5939009
5939745
5939785
5939637
5938508
5938883
5938851
5939193
5938994
5938146
5938821
5938962
5938956
5938364
5938676
5938779
5939026
5938393
5938073
5938380
5938183
5938408
5938581
5940412
5942130
5944391
5945415
5946483
5946006
5941759
5940195
5938728
5938996
5939403
5939350
5938833
5938640
5939010
5939012
5939303
5938304
5939004
5939189
5939414
5938911
5938638
5939377
5939227
5939549
5938754
5939510
5939615
5939836
5939458
5939126
5939843
5939858
5940153
5939323
5940000
5940194
5940441
5940063
5939778
5940484
5940576
5940923
5940022
5940670
5940768
5940891
5940627
5940059
5940772
5940904
5941096
5940053
5940620
5940627
5940458
5940242
5939739
5940318
5940222
5940229
5939392
5939713
5939759
5939879
5939302
5938598
5939261
5939264
5939285
5938687
5939108
5939110
5939513
5939462
5938520
5939225
5939286
5939420
5938851
5939125
5939325
5939547
5938878
5938520
5939323
5939311
5939408
5938447
5939127
5939221
5939514
5938843
5938650
5939074
5939112
5939313
5938433
5938994
5939107
5939307
5938794
5938463
5939182
5939082
5939277
5938320
5938943
5938979
5939235
5938670
5938358
5938987
5938897
5939181
5938229
5938952
5939197
5939037
5938678
5938232
5938961
5939002
5939138
5938294
5938847
5938841
5939064
5938633
5938261
5938952
5938691
5939218
5938257
5938915
5938973
5939051
5938773
5938074
5938858
5939093
5939544
5939053
5939547
5939568
5939903
5939157
5938474
5938868
5938903
5939152
5938163
5938584
5938779
5939051
5938590
5938011
5938736
5938676
5938833
5937946
5938362
5938208
5938235
5938003
5938327
5940256
5942202
5944279
5944518
5946329
5943612
5940122
5938503
5938215
5939011
5938799
5943176
5938363
5938724
5938882
5939084
5938453
5938040
5938843
5938879
5939083
5938383
5938795
5939034
5939353
5938908
5938543
5939077
5939358
5939571
5938814
5939129
5939612
5939806
5939399
5939060
5939873
5939916
5940253
5939527
5940007
5940346
5940585
5940172
5939914
5940582
5940698
5940940
5940038
5940635
5940626
5940839
5940476
5939969
5940662
5940653
5940821
5939837
5940155
5939742
5940065
5939795
5939190
5939592
5939212
5939646
5938553
5939003
5938968
5938978
5938790
5938297
5938901
5938987
5939346
5938448
5938755
5939019
5938743
5938825
5938225
5938985
5938960
5939452
5938454
5938864
5939065
5937164
5938730
5938222
5938991
5939002
5940097
5938216
5938775
5938792
5938939
5939027
5938169
5938807
5938808
5939085
5938295
5938579
5938722
5938950
5938392
5937949
5938816
5938765
5938829
5938023
5938573
5938626
5938830
5938414
5937710
5938576
5938581
5938827
5937899
5938267
5938599
5938700
5938315
5938007
5938432
5938638
5938874
5938034
5938437
5938366
5938532
5938443
5938379
5939019
5939282
5939399
5938423
5938797
5938937
5938738
5938211
5937664
5938416
5938191
5938718
5937792
5938280
5938279
5938548
5938123
5937668
5938286
5938401
5938192
5937142
5937700
5938752
5939539
5941010
5942146
5944203
5944858
5943333
5938695
5938229
5938493
5938521
5938321
5937694
5938509
5938486
5938723
5937981
5938416
5938434
5938780
5938466
5937871
5938699
5938743
5938913
5938294
5938706
5938854
5939172
5939006
5938249
5939134
5939126
5939525
5938910
5939122
5939447
5939666
5939365
5939130
5939752
5939910
5940185
5939338
5939730
5940273
5940534
5940166
5939706
5940408
5940485
5940715
5939699
5940084
5940352
5940410
5939974
5939466
5940070
5940046
5940129
5938910
5939167
5939411
5939378
5938913
5938139
5938901
5938756
5939033
5937970
5938477
5938623
5938734
5938346
5937924
5938650
5938815
5938975
5938128
5938599
5938806
5938763
5938611
5937931
5938801
5938820
5939035
5938092
5938595
5938764
5938821
5938526
5937889
5938601
5939154
5939086
5937966
5938417
5938616
5938888
5938439
5937796
5938508
5938515
5939126
5937882
5938271
5938461
5938257
5938498
5937707
5938557
5938512
5938746
5937976
5938203
5938519
5938756
5938349
5937619
5938444
5938519
5938695
5938037
5938330
5938692
5938647
5938490
5937660
5938643
5938869
5939369
5938834
5938807
5939156
5939140
5938337
5937800
5938304
5938333
5938495
5937719
5937967
5938364
5938586
5938199
5937595
5938372
5938299
5938580
5937500
5937416
5937637
5937962
5938414
5938438
5941568
5943497
5945229
5945949
5944128
5940569
5939462
5938808
5938089
5938610
5938490
5938887
5937947
5938337
5938182
5938608
5938410
5937726
5938636
5938620
5938926
5938128
5938604
5938777
5938900
5938670
5938126
5938919
5938730
5939358
5938495
5938975
5939316
5939406
5939274
5938702
5939531
5939661
5939972
5939274
5939709
5939989
5939851
5940208
5939460
5940174
5940374
5940547
5939801
5940048
5940336
5940447
5940198
5939502
5940064
5939962
5940680
5939348
5939467
5939585
5939590
5939282
5938418
5939020
5938923
5941216
5938388
5938372
5938696
5938865
5938336
5937692
5938581
5938601
5938867
5937941
5938258
5938685
5938827
5938474
5937711
5938669
5938702
5938979
5938023
5938325
5938724
5938824
5938483
5937960
5938463
5938690
5938944
5938146
5938563
5938579
5938770
5938533
5937893
5938432
5938679
5939017
5938005
5938544
5938599
5938761
5938469
5937823
5938597
5938614
5938813
5938025
5938406
5938560
5938668
5938431
5937824
5938600
5938629
5938889
5938108
5938456
5938541
5938568
5938524
5937924
5938511
5938377
5938940
5938338
5938926
5939290
5939388
5939231
5938379
5938889
5938634
5938690
5938018
5938231
5938508
5938712
5938388
5937703
5938333
5938373
5938575
5937905
5938017
5938269
5938419
5937889
5937021
5938207
5939624
5941171
5942211
5944009
5946230
5946803
5943557
5940112
5939184
5938982
5939119
5938158
5938161
5938699
5938710
5938277
5937693
5938500
5938685
5938835
5939137
5938296
5938758
5938860
5938597
5938160
5938824
5938881
5939223
5938405
5938449
5939091
5939274
5939092
5938560
5939392
5939429
5939804
5939131
5939553
5939750
5939873
5939812
5939358
5940185
5940314
5940529
5939788
5940090
5940336
5940369
5940220
5939506
5940162
5940440
5940457
5939587
5939776
5939945
5939828
5939662
5938790
5939472
5939281
5939484
5938478
5938767
5938860
5938768
5938678
5937934
5938682
5938722
5939169
5938175
5938403
5938713
5938870
5938741
5937967
5938778
5938639
5939018
5938239
5938436
5938787
5938780
5938714
5938069
5938785
5938806
5939053
5938312
5938360
5938650
5938831
5939003
5937994
5938680
5938628
5938919
5938343
5938347
5938681
5938781
5938489
5937872
5938621
5938561
5939014
5938538
5938083
5938627
5938771
5938402
5937844
5938641
5938677
5938882
5937940
5937990
5938588
5938687
5938431
5937900
5938737
5938715
5938906
5938058
5938633
5938742
5938606
5938412
5938029
5938769
5939291
5939763
5938802
5937197
5939391
5938955
5938626
5937841
5938617
5938536
5938775
5937947
5938279
5938463
5938468
5938418
5937714
5938471
5938442
5938746
5937615
5937418
5937901
5938245
5939704
5940352
5943357
5944463
5946975
5946744
5942774
5940654
5939450
5938993
5938287
5938737
5938760
5938954
5938231
5938339
5938686
5938843
5938698
5937972
5938747
5938855
5939065
5938521
5938520
5938974
5939105
5939122
5938394
5939127
5939204
5939560
5939084
5938996
5939541
5939762
5939488
5939156
5939858
5939938
5940234
5939509
5939780
5940251
5940424
5940284
5939475
5940532
5940580
5940788
5939987
5940148
5940528
5940491
5940403
5939729
5940239
5940315
5940538
5939562
5939608
5939875
5939761
5939419
5938665
5939272
5939215
5939368
5938490
5938822
5939154
5938958
5938880
5938233
5938955
5938900
5939181
5938421
5938840
5939198
5938949
5938952
5938161
5939033
5938719
5939340
5938462
5938733
5939003
5939148
5939006
5938182
5939008
5938997
5939282
5938448
5938630
5938902
5938714
5938788
5938110
5938794
5938806
5938993
5938362
5938518
5938830
5938945
5938866
5938089
5938848
5938889
5939016
5938326
5938474
5938734
5938928
5938755
5938077
5938844
5938788
5939054
5938397
5938277
5938766
5938824
5939139
5938102
5938831
5938809
5939085
5938554
5938310
5938629
5938773
5938996
5938785
5939616
5939525
5939844
5938833
5938935
5938945
5938828
5938553
5937984
5938627
5938626
5938915
5938075
5938153
5938680
5938581
5938391
5937802
5938617
5938567
5938239
5937348
5937741
5939554
5941039
5943197
5944421
5946440
5948056
5944028
5940373
5939130
5939454
5939089
5938880
5938168
5939075
5939153
5939066
5938302
5938536
5938943
5938980
5938900
5938289
5939069
5939044
5939343
5938614
5938927
5939245
5939202
5939253
5938746
5939587
5939558
5939746
5939241
5939549
5939856
5939759
5940214
5939373
5940250
5940344
5940557
5940061
5940258
5940572
5940808
5940826
5940011
5940824
5940752
5940907
5940250
5940257
5940692
5940755
5940623
5939827
5940414
5940283
5940442
5939603
5939418
5939724
5939564
5939328
5938762
5939266
5939040
5939315
5938979
5938555
5939063
5939111
5938970
5938370
5939058
5939098
5939357
5938443
5938575
5939062
5939068
5938978
5938433
5939171
5939079
5939279
5938525
5938642
5938946
5939175
5938969
5938362
5938951
5938887
5939226
5938453
5938579
5938913
5939007
5938700
5938265
5938928
5938833
5939042
5938238
5938458
5938830
5938937
5938872
5938025
5938806
5938825
5938990
5938228
5938523
5938876
5938891
5938771
5938063
5938791
5938882
5939034
5938345
5938428
5938924
5938690
5938724
5938132
5938923
5938689
5938699
5938212
5938549
5939357
5939672
5939553
5938745
5939386
5939158
5939221
5938285
5938295
5938718
5938736
5938791
5937937
5938605
5938611
5938762
5938294
5938092
5938501
5938634
5938197
5937355
5937909
5938127
5935503
5940104
5942222
5944541
5946192
5946670
5942792
5939995
5938964
5939247
5938311
5938427
5938951
5938914
5938515
5938618
5938793
5938618
5939002
5938070
5938349
5938960
5938927
5938886
5938275
5939085
5939300
5939421
5938668
5938520
5939365
5939453
5939395
5938684
5939782
5939683
5940008
5939279
5939619
5940184
5940093
5940048
5939551
5939361
5940494
5940775
5940127
5940316
5940664
5940863
5940690
5939975
5940523
5940480
5940840
5940050
5940187
5940427
5940229
5940243
5939335
5939899
5939681
5939880
5939122
5938998
5939214
5939176
5939075
5938159
5938981
5938866
5938960
5938445
5938448
5938767
5938961
5938740
5938225
5938885
5938880
5938700
5938595
5938584
5939027
5939028
5939072
5938245
5938956
5939056
5939083
5938619
5938458
5938956
5938905
5938758
5938143
5938813
5938758
5939019
5938647
5938284
5938752
5938814
5938665
5938102
5938641
5938795
5938922
5938316
5938011
5938647
5938691
5938516
5937992
5938773
5938507
5938850
5938111
5937809
5938578
5938658
5938462
5937878
5938616
5938542
5938796
5937972
5937372
5938881
5939100
5939224
5938456
5939253
5938948
5938960
5938213
5938208
5938661
5938445
5938382
5937793
5938522
5938445
5938782
5938027
5938044
5938300
5938569
5938391
5937498
5937926
5937835
5938478
5938976
5940643
5942989
5944255
5945684
5944407
5940546
5938976
5938743
5938213
5938224
5938487
5938779
5938652
5937942
5938521
5938621
5938830
5938067
5938208
5938580
5938740
5938739
5938225
5938852
5938895
5939163
5938568
5938633
5938987
5939054
5939203
5938453
5939381
5939412
5939774
5939357
5939001
5939748
5939808
5939649
5939222
5940086
5940175
5940432
5939789
5939899
5940464
5940456
5940217
5939717
5940425
5940449
5940827
5939824
5939845
5940274
5940148
5939843
5939030
5939639
5939501
5939640
5938784
5938822
5939054
5938912
5938805
5938022
5938197
5938650
5938834
5938066
5938276
5938589
5938657
5938587
5937892
5938611
5938673
5938790
5938276
5938326
5938688
5938770
5938805
5938004
5938771
5938821
5938895
5938321
5938346
5938691
5938683
5938745
5937953
5938638
5938589
5938781
5938248
5938133
5938737
5938622
5938584
5937900
5938420
5938532
5938459
5938149
5938112
5938556
5938536
5938663
5937788
5938507
5938520
5938895
5938276
5938068
5938589
5938512
5938212
5937774
5938623
5938768
5937177
5938832
5938388
5939071
5938955
5938645
5938021
5938390
5938444
5938618
5937892
5937843
5938440
5938284
5938200
5937734
5938349
5938273
5938686
5937748
5937508
5937934
5937894
5938554
5938362
5941406
5943387
5945153
5945718
5944633
5941123
5939184
5938827
5938113
5938514
5938666
5938929
5938232
5938192
5938652
5938628
5938641
5937930
5938727
5938824
5939000
5938407
5938493
5938896
5938944
5939166
5938391
5939122
5938995
5939527
5938911
5938932
5939407
5939432
5939507
5938936
5939736
5939859
5940069
5939461
5939524
5940284
5940346
5940432
5939714
5940488
5940568
5940707
5940183
5940089
5940552
5940613
5940605
5939699
5940323
5940233
5940476
5939584
5939338
5939702
5939692
5939554
5938681
5939293
5939155
5937196
5938652
5938351
5938758
5938763
5938575
5938058
5938812
5938759
5939082
5938281
5938364
5938855
5938793
5938825
5938055
5938866
5938772
5939212
5938331
5938279
5938900
5938845
5938752
5938191
5938847
5938855
5939092
5938350
5938301
5938820
5938829
5938836
5938035
5938931
5938771
5938964
5938219
5937257
5938829
5938710
5938703
5938026
5938278
5938787
5939058
5938318
5938412
5938815
5938777
5938769
5938093
5938922
5938766
5938834
5938216
5938422
5938946
5939163
5939446
5938735
5939404
5939068
5939145
5938340
5938153
5938689
5938561
5938794
5937890
5938650
5938548
5938811
5938258
5937984
5938651
5938603
5938663
5937658
5938041
5938274
5938867
5939814
5941169
5943831
5943526
5947010
5945584
5942189
5940075
5939575
5938833
5938425
5938850
5938808
5938877
5938152
5938837
5938798
5939032
5938582
5938352
5938989
5938974
5941142
5938338
5938993
5938980
5939409
5938664
5938456
5939449
5939386
5939479
5939177
5939328
5939591
5939937
5939227
5939167
5939957
5940054
5940004
5939576
5940415
5940328
5940758
5940048
5940163
5940608
5940622
5940681
5939925
5940720
5940664
5940742
5940069
5940091
5940702
5940349
5940224
5939298
5939982
5939715
5939846
5939027
5938873
5939357
5939242
5939255
5938451
5939062
5939022
5939119
5938596
5938424
5938985
5939172
5939101
5938326
5939028
5939060
5939031
5938594
5938453
5939137
5939139
5939153
5938387
5938981
5939084
5939270
5938639
5938432
5938974
5939032
5939171
5938261
5938855
5938989
5938690
5938600
5938374
5939039
5938973
5938778
5938216
5938884
5938884
5939085
5938558
5938285
5938909
5938936
5938785
5938138
5938918
5938899
5939011
5938387
5938288
5938850
5938863
5943176
5938366
5938658
5938806
5939234
5938869
5938934
5939567
5939428
5939454
5938351
5938868
5938755
5938953
5938262
5937756
5938768
5938810
5938715
5937922
5938435
5938652
5938847
5938115
5938121
5938487
5938152
5938156
5937736
5938753
5940937
5942726
5944078
5945814
5947468
5944985
5941645
5938765
5937251
5939157
5939222
5938467
5938369
5938920
5938777
5938953
5938070
5938942
5938926
5939194
5938512
5938345
5938989
5939028
5939225
5938430
5939181
5939194
5939342
5938867
5938731
5939541
5939423
5939503
5938907
5939663
5939714
5940061
5939689
5939443
5939982
5940279
5940472
5939665
5940386
5940471
5940811
5940341
5939929
5940615
5940638
5941102
5939908
5940423
5940357
5940596
5939716
5939502
5940159
5939851
5939751
5938760
5939446
5939383
5939605
5938671
5938376
5939070
5938852
5938896
5938664
5938807
5938893
5939154
5938448
5937957
5938956
5938956
5938969
5938172
5938705
5938978
5939187
5938467
5938411
5939193
5938919
5938977
5938254
5938939
5938989
5939175
5938554
5938390
5939182
5938812
5939010
5938179
5938875
5938830
5939058
5938491
5938268
5938869
5938749
5938908
5938083
5938761
5938783
5938923
5938366
5938158
5938856
5938833
5938857
5938133
5938804
5938856
5939150
5938500
5938269
5938985
5938746
5938760
5938171
5939058
5939381
5939567
5939156
5938833
5939485
5939044
5938997
5938047
5938613
5938657
5938904
5938377
5937978
5938617
5938641
5938783
5937959
5938415
5938491
5938703
5938035
5937170
5937834
5938405
5940091
5940447
5942916
5945074
5939332
5948187
5943415
5941175
5939431
5943209
5938318
5938636
5938744
5939011
5938335
5937952
5938775
5938736
5938888
5938030
5938593
5938803
5939106
5938589
5938484
5939150
5938991
5939124
5938413
5938946
5939160
5939463
5939062
5938891
5939612
5939597
5939835
5939030
5939855
5939867
5940222
5939783
5939643
5940233
5940377
5940545
5939767
5940457
5940453
5940724
5940153
5939973
5940411
5940383
5940551
5939626
5940120
5940021
5940161
5939622
5939196
5939459
5939403
5939464
5938524
5939016
5938934
5938751
5938494
5938072
5938819
5938860
5938900
5938022
5938663
5938802
5939069
5938518
5938126
5938770
5938822
5938751
5938160
5938710
5938764
5939012
5938573
5938144
5938733
5938669
5938763
5938155
5938648
5938653
5938858
5938201
5937895
5938679
5938644
5938576
5937993
5938333
5938465
5938605
5939061
5937739
5938552
5938449
5938518
5937764
5938177
5938429
5938735
5938141
5937731
5938511
5938449
5938408
5937590
5938401
5938341
5938677
5938052
5937892
5938488
5938403
5938685
5937593
5937666
5938534
5938758
5938709
5938582
5939116
5939116
5939119
5937992
5938380
5938211
5938259
5937990
5937652
5938684
5938225
5938299
5937542
5938235
5938180
5938338
5937821
5937436
5937824
5937415
5937649
5937443
5939541
5941099
5942567
5943837
5944895
5944922
5941311
5939289
5937760
5938370
5938383
5938439
5938117
5937821
5938476
5938390
5938612
5937766
5938301
5938512
5938727
5938198
5937845
5938560
5938580
5938785
5938161
5938644
5938791
5939162
5938766
5938282
5939081
5939195
5939337
5938864
5939212
5939451
5939799
5939658
5938850
5939795
5939897
5939942
5939257
5939891
5940052
5940321
5939897
5939279
5940245
5940144
5940198
5939490
5939951
5939927
5940129
5939521
5939707
5939795
5939503
5939563
5938372
5938744
5939031
5939157
5938324
5938032
5938589
5938593
5938857
5937774
5937480
5938477
5938580
5938311
5937846
5938608
5938684
5938824
5937807
5938506
5938601
5938735
5938284
5937920
5938683
5938636
5938681
5937843
5938459
5938591
5938727
5938316
5937825
5938516
5938493
5938626
5937735
5938303
5938512
5938444
5938204
5937600
5938376
5938423
5938597
5937796
5938132
5938417
5938648
5938287
5937543
5938331
5938333
5938544
5937768
5938223
5938417
5938505
5938293
5937657
5938221
5938231
5938503
5938163
5938623
5938993
5939198
5939023
5938111
5938732
5938189
5938336
5937434
5938108
5938174
5938408
5937666
5937191
5938250
5938110
5938238
5937396
5937797
5938055
5937974
5937153
5936718
5938070
5939247
5940798
5941845
5943206
5944756
5943885
5939045
5937667
5938232
5938358
5938398
5937560
5937863
5938360
5938586
5938129
5937674
5938332
5938353
5938609
5937802
5938314
5938506
5938777
5938390
5937939
5938651
5938535
5939043
5938163
5938828
5938942
5939093
5938773
5938429
5939376
5939306
5939629
5938820
5939493
5939633
5939960
5939532
5939217
5940028
5940031
5940225
5939566
5940019
5940162
5940110
5940005
5939431
5940104
5940123
5940403
5939263
5939711
5939698
5939832
5939154
5938503
5939137
5938978
5938967
5938297
5938391
5938526
5938813
5938389
5937727
5938390
5938472
5938647
5937830
5938184
5938388
5938621
5939178
5937730
5938406
5938508
5938695
5937883
5938154
5938462
5938658
5938204
5937910
5938544
5938542
5938753
5937740
5938280
5938363
5938646
5938148
5937795
5938369
5938402
5938637
5937731
5938091
5938419
5938535
5938068
5937658
5938312
5938385
5938553
5937698
5937227
5938356
5938379
5937999
5937749
5938373
5938316
5938673
5937845
5938164
5938217
5938485
5938414
5937994
5939010
5939019
5939192
5938274
5938501
5938455
5938291
5938024
5937501
5938267
5938179
5938477
5937574
5938048
5938158
5938371
5937873
5937337
5938195
5937913
5937799
5936906
5937610
5938981
5940003
5941695
5942831
5945368
5945892
5943046
5939576
5938726
5938746
5938776
5938193
5937613
5938580
5938304
5938496
5937666
5938173
5938428
5938620
5938627
5937821
5938486
5938635
5938803
5938172
5938368
5938729
5938944
5938486
5937964
5938888
5939061
5939221
5938327
5938875
5939297
5939383
5943175
5938805
5939580
5939525
5939924
5941155
5939578
5939997
5940121
5939827
5939425
5940060
5940109
5940227
5939406
5939466
5940045
5940082
5939613
5939080
5939630
5939468
5939686
5938644
5939021
5939021
5939062
5938597
5937981
5938658
5938521
5938796
5937865
5938301
5938546
5938481
5938337
5937649
5938407
5938363
5938776
5937868
5938308
5938488
5938657
5938330
5937728
5938504
5938455
5938890
5937967
5938325
5938449
5938180
5938356
5937680
5938571
5938536
5938809
5937822
5938259
5938411
5938642
5938313
5937703
5938458
5938400
5939013
5937815
5938209
5938487
5938575
5938366
5937546
5938391
5938470
5938561
5937707
5938137
5938484
5938715
5939099
5937848
5938492
5938485
5938712
5938167
5937816
5938405
5938700
5938487
5938242
5939243
5939147
5939412
5938175
5938324
5938396
5938423
5938112
5937550
5938344
5938289
5938468
5937499
5937672
5938253
5938339
5937961
5937447
5938084
5937758
5937672
5937026
5937474
5939802
5941267
5943095
5944238
5946863
5945330
5941592
5939212
5938771
5938809
5938723
5938122
5937836
5938537
5938426
5938648
5937799
5938291
5938445
5938611
5938314
5937916
5938610
5938642
5938816
5938074
5938456
5938686
5938698
5938723
5938112
5938986
5938906
5939215
5938607
5938910
5939253
5939472
5939372
5938755
5939698
5939731
5939947
5939268
5939676
5940043
5940364
5939848
5939401
5940195
5940158
5941210
5939641
5939712
5940024
5940127
5940012
5938996
5939659
5939397
5939578
5938740
5938594
5938948
5938945
5938368
5937679
5938538
5938449
5938500
5937704
5938069
5938477
5938509
5938191
5937165
5938444
5938438
5938687
5937596
5938117
5938416
5938538
5938169
5937659
5938165
5938345
5938542
5937799
5937179
5938427
5938420
5938137
5937625
5938349
5938540
5938635
5937785
5938160
5938355
5938408
5938095
5937512
5938381
5938212
5938568
5937732
5938115
5938298
5938272
5938066
5937465
5938268
5938325
5938513
5937617
5937979
5938161
5938342
5938168
5937480
5938167
5938272
5938614
5937693
5938001
5938427
5938495
5938181
5937510
5938047
5938343
5938935
5938181
5938644
5938831
5939054
5938851
5937852
5938240
5938100
5938279
5937432
5937921
5938054
5938109
5937751
5937338
5937983
5937966
5938171
5937213
5937598
5937756
5937564
5938131
5936960
5938777
5940258
5942447
5942917
5944391
5944903
5940727
5938485
5937623
5938461
5938182
5938384
5937451
5937886
5938291
5938254
5937965
5937432
5938229
5938295
5938487
5937513
5937741
5938379
5938375
5938148
5937780
5938867
5938580
5938848
5937999
5938499
5938705
5938828
5938640
5938273
5939045
5939146
5939468
5938624
5939073
5939228
5939514
5939512
5939014
5939757
5939859
5940148
5939366
5939765
5939940
5940031
5939914
5939097
5939924
5939796
5939972
5939076
5939294
5939343
5939422
5939187
5938214
5938902
5938763
5938798
5938103
5938051
5938385
5937348
5938414
5937601
5938406
5938282
5938296
5937868
5937940
5938289
5938461
5938268
5937658
5938308
5938340
5938637
5937965
5938048
5938365
5938429
5939131
5937642
5938346
5938426
5938639
5937911
5937865
5938344
5938363
5938053
5937545
5938356
5938205
5938488
5937618
5937887
5938228
5938329
5938029
5937463
5938126
5938208
5938490
5937643
5937777
5938389
5938304
5938060
5937379
5937938
5938140
5938528
5937618
5938045
5938421
5938360
5938097
5937516
5938274
5938333
5938561
5937526
5938128
5938536
5938692
5939001
5938204
5938963
5938833
5938899
5937771
5937987
5938204
5938384
5938058
5937328
5938218
5938054
5938390
5937565
5937830
5938039
5937957
5938009
5937258
5937580
5937667
5938258
5938369
5939893
5942113
5942998
5944436
5944044
5941002
5943284
5938883
5937984
5938111
5938364
5938468
5938458
5937670
5938474
5938368
5938590
5937912
5938000
5938534
5938660
5938219
5937791
5938603
5938701
5938821
5938353
5938419
5938807
5938911
5938732
5937927
5938942
5939065
5939381
5938512
5938580
5939342
5939469
5939270
5938835
5939531
5939749
5940033
5939258
5939291
5940084
5940130
5939824
5939406
5939724
5940015
5940359
5939356
5939706
5939904
5939790
5939534
5938762
5939432
5939271
5939468
5938549
5938759
5938855
5938829
5938629
5937886
5938609
5938643
5938794
5938057
5938244
5938469
5938612
5938451
5937759
5938632
5938586
5938756
5938208
5938341
5938655
5938562
5938643
5937964
5938746
5938729
5938961
5938205
5938403
5938704
5938895
5938719
5937923
5938724
5938677
5938871
5938266
5938300
5938663
5938751
5938926
5937869
5938715
5938602
5938947
5938224
5938180
5938649
5938712
5938661
5937926
5938684
5938649
5938868
5937935
5938163
5938645
5938680
5938571
5938035
5938559
5938673
5939052
5938545
5937974
5938583
5938863
5938784
5938430
5939366
5939339
5939620
5938512
5938465
5938695
5938676
5938265
5937722
5938504
5938534
5938758
5937963
5937757
5938570
5938482
5938395
5937676
5938468
5938248
5938047
5937256
5937253
5939696
5940881
5942832
5943708
5945763
5945925
5942345
5939719
5938998
5939108
5939018
5938721
5938036
5938841
5938743
5938990
5938204
5938457
5938779
5938940
5938763
5938109
5938899
5938882
5939214
5938492
5938700
5939078
5939031
5939217
5938483
5939421
5939404
5939456
5938938
5939053
5939675
5939822
5939748
5939067
5939872
5939967
5940208
5939753
5939797
5940332
5940396
5940388
5939611
5940435
5940379
5940752
5940029
5939865
5940340
5940316
5939960
5939413
5940058
5939910
5940005
5939175
5938971
5939452
5939237
5941107
5938365
5939135
5939081
5939246
5938326
5938603
5939019
5938905
5938761
5938261
5938818
5938940
5939250
5938327
5938205
5938966
5938908
5938853
5938304
5939043
5938998
5939274
5938381
5938204
5939058
5939038
5938918
5938198
5938933
5938961
5939236
5938395
5938601
5938771
5938923
5938858
5938162
5938947
5939173
5939207
5938406
5938596
5938935
5938892
5938925
5938154
5938973
5938980
5939169
5938420
5938623
5938780
5938906
5938866
5938129
5938675
5938656
5938926
5938357
5938604
5938975
5939018
5939194
5938222
5938841
5938847
5939270
5938897
5939079
5939767
5939736
5939889
5938563
5939191
5938939
5939077
5938373
5938329
5938752
5938861
5938778
5938006
5938719
5938749
5939083
5938301
5938080
5938602
5938269
5937791
5937510
5938755
5940333
5941843
5942971
5944144
5946858
5945260
5941731
5939956
5939471
5939349
5939408
5938310
5938548
5938947
5938916
5938716
5939177
5938901
5938848
5939211
5938418
5938311
5939186
5939066
5939083
5938362
5938994
5939209
5939727
5938750
5939064
5939442
5939495
5939612
5938996
5939297
5939812
5940204
5939486
5939688
5940167
5940279
5940224
5939627
5940422
5940409
5940731
5940172
5940144
5940550
5940682
5940565
5939929
5940568
5940556
5940644
5939919
5939842
5940152
5940066
5939866
5939179
5939720
5939579
5939470
5938936
5938845
5939331
5939235
5939144
5938385
5939020
5939024
5939321
5938625
5938593
5939097
5939106
5939127
5938427
5939129
5939031
5939351
5938803
5938626
5939062
5939110
5938881
5938393
5939078
5939218
5939338
5938825
5938556
5939051
5938989
5938809
5938261
5938954
5938973
5939163
5938371
5938255
5938921
5938947
5938751
5937665
5938854
5939074
5939161
5938370
5938399
5938986
5938845
5938908
5938160
5938707
5938913
5939133
5938407
5938473
5938914
5938855
5938792
5938185
5938888
5938917
5939190
5938443
5938633
5939055
5938933
5938743
5938100
5939085
5939404
5939925
5939189
5931025
5939514
5939274
5939098
5938094
5938707
5938611
5938955
5938333
5938354
5938885
5938773
5938754
5937962
5938633
5938672
5938813
5938108
5937638
5938067
5938544
5939409
5939969
5942553
5944119
5945484
5946072
5942426
5940027
5941231
5939266
5938377
5938943
5938805
5938203
5938483
5938152
5938955
5938780
5938754
5938083
5938894
5938948
5939340
5938441
5938485
5939046
5939088
5940184
5938508
5939268
5939345
5939754
5938925
5938873
5939546
5939711
5939711
5939015
5939864
5939982
5940307
5939620
5939468
5940248
5940449
5940285
5939774
5940305
5940556
5940833
5940125
5940209
5940520
5940585
5940460
5939833
5940241
5940410
5940486
5939685
5939612
5940200
5939809
5939667
5938707
5939349
5939279
5939444
5938570
5938605
5939057
5939052
5938943
5938106
5938977
5938708
5939187
5938499
5938589
5939017
5939024
5939060
5938259
5939116
5938997
5939235
5938638
5938580
5938964
5938996
5939005
5938254
5938893
5938909
5939116
5938443
5938424
5938822
5938910
5938985
5938092
5938797
5938756
5938999
5938465
5938224
5938778
5938786
5938839
5938079
5938632
5938630
5938942
5938190
5938174
5938682
5938688
5938591
5937938
5938629
5938783
5939094
5938686
5938071
5938833
5938862
5938610
5937828
5938663
5938968
5939523
5938858
5938796
5939381
5939323
5947256
5937924
5938583
5938496
5938880
5938058
5937705
5938456
5938554
5938526
5937739
5938274
5938443
5938639
5937952
5937811
5937920
5937917
5938389
5938924
5940517
5942477
5944404
5945174
5945152
5942184
5939731
5939065
5938143
5938855
5938601
5938944
5938301
5938247
5938684
5938477
5938760
5937987
5938739
5938707
5938990
5938435
5938420
5938961
5939075
5939076
5938256
5939042
5939127
5939436
5938784
5938780
5939322
5939411
5939529
5938909
5939610
5939774
5939804
5939429
5939296
5940090
5940103
5940337
5939579
5940198
5940286
5940707
5940015
5939783
5940437
5940410
5940251
5939656
5940269
5940199
5940430
5939741
5939383
5939829
5939708
5939461
5938725
5939310
5939226
5939351
5938440
5938391
5938940
5938904
5938823
5938612
5938927
5938818
5939053
5938323
5937950
5938917
5938910
5938843
5939192
5938920
5938931
5939189
5938450
5938459
5938869
5938893
5938912
5938134
5938923
5938818
5939090
5938391
5938445
5938865
5938776
5938850
5938140
5938804
5938730
5939041
5938375
5938333
5938796
5938859
5938810
5938041
5938795
5938747
5938982
5938278
5938295
5938768
5938735
5938840
5938012
5938746
5938809
5939022
5938419
5938240
5938867
5938798
5938668
5938039
5939049
5937288
5939865
5939148
5938941
5939426
5940131
5939063
5938049
5938621
5938621
5938874
5938398
5938089
5938685
5938550
5938774
5937879
5938591
5938513
5938828
5938054
5937321
5938002
5938440
5939752
5939941
5942295
5944078
5946205
5946624
5942976
5940995
5939474
5939216
5938502
5938764
5938767
5939170
5938330
5938130
5938804
5938727
5938810
5939146
5938876
5938869
5939130
5938467
5938286
5939045
5939099
5939268
5938405
5938972
5939236
5939522
5938894
5939057
5939604
5939576
5939693
5938952
5939251
5939747
5940106
5939477
5939632
5940175
5940114
5940341
5939496
5940350
5940335
5940500
5939924
5939795
5940369
5940352
5940399
5939627
5940178
5940053
5940159
5939533
5939236
5939784
5939585
5939528
5938757
5939241
5941187
5939336
5938717
5938407
5938979
5938964
5939133
5938251
5938858
5938953
5939177
5938632
5938338
5939099
5939010
5939099
5938289
5938866
5938936
5938191
5938446
5938275
5938975
5938952
5938925
5938243
5938896
5938897
5939110
5938656
5938159
5938860
5938860
5938851
5938355
5938716
5938882
5939090
5938346
5938160
5938843
5938850
5938753
5938055
5938669
5938713
5938922
5938378
5938018
5938786
5938782
5938688
5938079
5938842
5938793
5939007
5938474
5938416
5938794
5938565
5938835
5938286
5939418
5939570
5939785
5939193
5938946
5939417
5938909
5938825
5937941
5938587
5938645
5938859
5938177
5938047
5938768
5938591
5938577
5937715
5938503
5938227
5938671
5937620
5937324
5938441
5939322
5940838
5941894
5944273
5945995
5947118
5943082
5940045
5939322
5939242
5939445
5938155
5938789
5938820
5939072
5938551
5938220
5938822
5938831
5939056
5938243
5938850
5939027
5938769
5938870
5938368
5939174
5939304
5939515
5938618
5939309
5939551
5939666
5939268
5938982
5939674
5939772
5939762
5939417
5939885
5940065
5940329
5939826
5939639
5940428
5940520
5940457
5939862
5940590
5940556
5940916
5940063
5939834
5940536
5940442
5940499
5939771
5940010
5940183
5940398
5939549
5938748
5939683
5939545
5939406
5938662
5938948
5939075
5939419
5938643
5938441
5938905
5938920
5939079
5938211
5938880
5939160
5939176
5938589
5938273
5939162
5938945
5939041
5938270
5939039
5938830
5939121
5938569
5938234
5938898
5938871
5938971
5938167
5938776
5938820
5938869
5938461
5938124
5938788
5938837
5938840
5938017
5938571
5938577
5938699
5938320
5937999
5938605
5938641
5938876
5938063
5938503
5938738
5938930
5938367
5937980
5938733
5938660
5938743
5938069
5938625
5938489
5938905
5938670
5938421
5939379
5939371
5939401
5938937
5939028
5938855
5938947
5938268
5937805
5938732
5938472
5938715
5937929
5938399
5938525
5938708
5939034
5937690
5938506
5938440
5938110
5937595
5937934
5938957
5940442
5941481
5942408
5944245
5945364
5942293
5938348
5938251
5938753
5939001
5938379
5938172
5938745
5938708
5938996
5938051
5938311
5938676
5938996
5938567
5938330
5938930
5938970
5939052
5938333
5939075
5938949
5939394
5938857
5938665
5939353
5939257
5939714
5938891
5939583
5939918
5939939
5939558
5939247
5939964
5940186
5940379
5939565
5940355
5940336
5940550
5940286
5939903
5940525
5940613
5940785
5939887
5940465
5940481
5940524
5940235
5939622
5940236
5940190
5940250
5939136
5939597
5939568
5939637
5939074
5938352
5939095
5939035
5938959
5938426
5938693
5938973
5937171
5938714
5938114
5938884
5938963
5939003
5938179
5938818
5938988
5939178
5938701
5938249
5939030
5939000
5943235
5938413
5938893
5938920
5939128
5938520
5938193
5938958
5938969
5939063
5939142
5938762
5938927
5939068
5938485
5937804
5938979
5938843
5938931
5938071
5938556
5938868
5939029
5938514
5938177
5938834
5938894
5938980
5938157
5938723
5938714
5938797
5938500
5938404
5939269
5939382
5939709
5938759
5937232
5939192
5938889
5938431
5937976
5938720
5938682
5938938
5937971
5938667
5938650
5938757
5938313
5937948
5938649
5938665
5938674
5937376
5938129
5938897
5939881
5941039
5942383
5944477
5945886
5945159
5940106
5939219
5939142
5939445
5938806
5938243
5938934
5938956
5939140
5938297
5938792
5938849
5939168
5938770
5938213
5939073
5939033
5940155
5938673
5939126
5939237
5939442
5939536
5938619
5939498
5939463
5939674
5939142
5939514
5939736
5940050
5939489
5939139
5940051
5940135
5940281
5940043
5940161
5940435
5940754
5940170
5939925
5940643
5940569
5940804
5939783
5940241
5940701
5940756
5940111
5939782
5940229
5940252
5940310
5939274
5939329
5939748
5939776
5939207
5938769
5939392
5939285
5939368
5938475
5939095
5939174
5939273
5938869
5938451
5939119
5938944
5939404
5938504
5939181
5939115
5939222
5938979
5938502
5939199
5939231
5939459
5938544
5939089
5939254
5939208
5938868
5938511
5939120
5938696
5939356
5938526
5939052
5939119
5939140
5938817
5938325
5939062
5938921
5939426
5938347
5938912
5939120
5938298
5938897
5938371
5939137
5939127
5939685
5938566
5938879
5938996
5935175
5939122
5938737
5939757
5939809
5939815
5939117
5939230
5939152
5939171
5938535
5938092
5938964
5938899
5939070
5938245
5938749
5938911
5938970
5938478
5937964
5938822
5938671
5938440
5937515
5938176
5939576
5941004
5942405
5943790
5945665
5946772
5943517
5940150
5939535
5939508
5939566
5938864
5938437
5939214
5939127
5939263
5938426
5939029
5939116
5939263
5938798
5938621
5939294
5939322
5939469
5938705
5935241
5939709
5939532
5939189
5938794
5939596
5939661
5939968
5939158
5939750
5939942
5940214
5939893
5939354
5940193
5940723
5940664
5939785
5940349
5940569
5940627
5940372
5939852
5940670
5940632
5940856
5940026
5940451
5940486
5940239
5940261
5939604
5940317
5940135
5940454
5939440
5939627
5939679
5939842
5939312
5938689
5939390
5939295
5939383
5938551
5939030
5939287
5939404
5938867
5938512
5939195
5939216
5939389
5938845
5939055
5939288
5939499
5938898
5938454
5939265
5939315
5939428
5938508
5939003
5939269
5939406
5938875
5938659
5939422
5939242
5939475
5938612
5938876
5939189
5939343
5938958
5938493
5939271
5939219
5939424
5938465
5939028
5939149
5939208
5938853
5938507
5939291
5939252
5939415
5938559
5939121
5939098
5939151
5938916
5938689
5939759
5939930
5939969
5939215
5939765
5939383
5939224
5938852
5938324
5938960
5939076
5939335
5938401
5938923
5939111
5938998
5938689
5938241
5938904
5938899
5938967
5937704
5938112
5939072
5940167
5941012
5942517
5944917
5946689
5947297
5942686
5940762
5939624
5939727
5939366
5938364
5939208
5939280
5939301
5938520
5938964
5939230
5935277
5939444
5938498
5939349
5939370
5939450
5938737
5939141
5939474
5939675
5939252
5938709
5939807
5939806
5940023
5939668
5939687
5939963
5940213
5939794
5939634
5940300
5940407
5940608
5939899
5940364
5940685
5940823
5940406
5940095
5940765
5940809
5940961
5940061
5940688
5940699
5940818
5940377
5939921
5940438
5940377
5940470
5939604
5939963
5939873
5939969
5939514
5938905
5939585
5939425
5939585
5938723
5935160
5939425
5939442
5939115
5938608
5939357
5939413
5939626
5938792
5939353
5939358
5939374
5939224
5938705
5939479
5939319
5939573
5938758
5939222
5939428
5939649
5939312
5938693
5939332
5939391
5939635
5938675
5939078
5939251
5939519
5939135
5938524
5939301
5939279
5939595
5938615
5938975
5939255
5939397
5939110
5938439
5939208
5939241
5939366
5938852
5939036
5939287
5939554
5939478
5938673
5939183
5939070
5939424
5939165
5939540
5939943
5940044
5939646
5939022
5939549
5939207
5939304
5938406
5938714
5939016
5939220
5938808
5938310
5938992
5938975
5939193
5938357
5938614
5938988
5938725
5938046
5937797
5939125
5940554
5942305
5943404
5944474
5946992
5946225
5941711
5939473
5939605
5939488
5939642
5938437
5939098
5939212
5939209
5938881
5938453
5938192
5939293
5939520
5938683
5939166
5939324
5939541
5939156
5938700
5939568
5939559
5939916
5939100
5939551
5939675
5939829
5939733
5939286
5940171
5940126
5940319
5939608
5940097
5940500
5940695
5940422
5940020
5940749
5940776
5941193
5940145
5940603
5940810
5940986
5940751
5940013
5940863
5940766
5940866
5940041
5940297
5940482
5940519
5940229
5939374
5940181
5939852
5939918
5938975
5939137
5939451
5939587
5940141
5938504
5939414
5939378
5939598
5938805
5939116
5939523
5939551
5943278
5938804
5939538
5939520
5939678
5938881
5939159
5939519
5939629
5939204
5938844
5939678
5939361
5939582
5938638
5938772
5939370
5939406
5939167
5938640
5939333
5939217
5939622
5938704
5937154
5939289
5939338
5939082
5938589
5939241
5939293
5939525
5938618
5939032
5939214
5939301
5939158
5938576
5939263
5939252
5939542
5938797
5939110
5939325
5939318
5939205
5938517
5939148
5939252
5939676
5939121
5939764
5940040
5940204
5939847
5938888
5939406
5939237
5939593
5938566
5938853
5939235
5938323
5939039
5938399
5939104
5939041
5939245
5938465
5938755
5938846
5938487
5938411
5938092
5940062
5941492
5941655
5944517
5946163
5947296
5943123
5940794
5938899
5939673
5939564
5939474
5938862
5938995
5939341
5939298
5941015
5938524
5939301
5939345
5939528
5938789
5939089
5939485
5939565
5939332
5938912
5939681
5939629
5939983
5943273
5939222
5939868
5939985
5939863
5939400
5940205
5940297
5940546
5939744
5939259
5940508
5940694
5940525
5940014
5940757
5940843
5941213
5940296
5940729
5940936
5940941
5940728
5940152
5940871
5940875
5941009
5940100
5940439
5940628
5940345
5940208
5939408
5940079
5939833
5940034
5939127
5939387
5939605
5939491
5939446
5938741
5939482
5939541
5939876
5938945
5939230
5939628
5939212
5939526
5938824
5939612
5939619
5939933
5938910
5939239
5939488
5939573
5939211
5938737
5939589
5939515
5939689
5939038
5939137
5939364
5939547
5939639
5938591
5939414
5939300
5939516
5938711
5938948
5939310
5939437
5940088
5938645
5939344
5939237
5939462
5939132
5938721
5939269
5939407
5943096
5938556
5939320
5939356
5939616
5938642
5938720
5939384
5939453
5939034
5938427
5939437
5939645
5940125
5939394
5939336
5940165
5939858
5939371
5938530
5939125
5939132
5939381
5938661
5938978
5939007
5939068
5939019
5938310
5939017
5938978
5939334
5938480
5938274
5938493
5938612
5939497
5940299
5943058
5944487
5946118
5946759
5943610
5940560
5939727
5939448
5938693
5939404
5939282
5939556
5938744
5938980
5939232
5939449
5939155
5938585
5939286
5939386
5939616
5938823
5939108
5939659
5939797
5939633
5938838
5939676
5939665
5939935
5939255
5939599
5939932
5940134
5940147
5939389
5940302
5940434
5940667
5940180
5940167
5940852
5940871
5940512
5940182
5940988
5940963
5941130
5940325
5940538
5940962
5940943
5940570
5940172
5940790
5940664
5940882
5939843
5939747
5940250
5940167
5939739
5939146
5939776
5939574
5939830
5938791
5938734
5939337
5939362
5939160
5938596
5939069
5939315
5939673
5938719
5939160
5939323
5939412
5939208
5938659
5939387
5939256
5939556
5938769
5939059
5939322
5939352
5939246
5938434
5939345
5939184
5939582
5938702
5939029
5939225
5939377
5939107
5938362
5939129
5939253
5939440
5938614
5938819
5939172
5938977
5938984
5938299
5939072
5939114
5939338
5938600
5938846
5939124
5938743
5939200
5938357
5939114
5939093
5939439
5938540
5938819
5939315
5939768
5939818
5938842
5939675
5939474
5939343
5938588
5938605
5938994
5938968
5939071
5938237
5939041
5938831
5939202
5938577
5938447
5938812
5938874
5938491
5937590
5938301
5938682
5940000
5940579
5942157
5944076
5945349
5945239
5941324
5939287
5938850
5939459
5938555
5938344
5939117
5939198
5939009
5938296
5939092
5939103
5939408
5938586
5938470
5939222
5939335
5939068
5938604
5939355
5939383
5939603
5938796
5937269
5939544
5939696
5939593
5939040
5939900
5939941
5940152
5939497
5939770
5940239
5940245
5940328
5939621
5940566
5940679
5940969
5940323
5940470
5940808
5940961
5940973
5940057
5940756
5940821
5941082
5940312
5940285
5940628
5940607
5940417
5939522
5940005
5939952
5940057
5939119
5939091
5939425
5939474
5939354
5938338
5939110
5939085
5939392
5938801
5938767
5939076
5935120
5938952
5938537
5939156
5939315
5939512
5938942
5938788
5939269
5939358
5940023
5938459
5939161
5939206
5939423
5939153
5938633
5939311
5939205
5943129
5938369
5939168
5939070
5939352
5938448
5938441
5939129
5939021
5938955
5938258
5939006
5939049
5939241
5938421
5938208
5939120
5939078
5938880
5938260
5939051
5939078
5939209
5938330
5938655
5939154
5939225
5939344
5938853
5939278
5939666
5939714
5938691
5938648
5938973
5938913
5938931
5938191
5938938
5938838
5939178
5938317
5938494
5938886
5938727
5938823
5937991
5938320
5938313
5938779
5938834
5940334
5942688
5943949
5945591
5945902
5943182
5940446
5939954
5939073
5938866
5947218
5939190
5939315
5938500
5939199
5939035
5939378
5938631
5938707
5939185
5937219
5939499
5938620
5939468
5939482
5939665
5939087
5938992
5939544
5939657
5940043
5938907
5939854
5939818
5940192
5939644
5939492
5940132
5940232
5940090
5939590
5940322
5940436
5940831
5940039
5939979
5940747
5940770
5940658
5940038
5940722
5940687
5940948
5940130
5940124
5940553
5940472
5940368
5939392
5940119
5939988
5940171
5939310
5938329
5939510
5939398
5939351
5938602
5938806
5939241
5939501
5938708
5938964
5939303
5939182
5939266
5938468
5938288
5939223
5939513
5938761
5938918
5939338
5939422
5939282
5938458
5935119
5939237
5939474
5938815
5938783
5941247
5939326
5939215
5938517
5939202
5939160
5939428
5938663
5938772
5939137
5938705
5939131
5938415
5939159
5939174
5939380
5938761
5938711
5939096
5939166
5939246
5938500
5939230
5939195
5939485
5938857
5938534
5938944
5935133
5939306
5938714
5939614
5939786
5940197
5939420
5938975
5939290
5939138
5940011
5938241
5939021
5939030
5939341
5938414
5938377
5938979
5938962
5938854
5938367
5938848
5938742
5938618
5937860
5938310
5940205
5941537
5943519
5943299
5946489
5946838
5943101
5940194
5938982
5939629
5939601
5939171
5938525
5939339
5939281
5939389
5938667
5938830
5939219
5939258
5939314
5938601
5939381
5939421
5939728
5939032
5939136
5939606
5939596
5939706
5938937
5939792
5939813
5940197
5939518
5939518
5940120
5940175
5940162
5939496
5940319
5940455
5940807
5940206
5940201
5940740
5940860
5940908
5940035
5940893
5940953
5941034
5940411
5940263
5940770
5940732
5940755
5939834
5940397
5940267
5940459
5939663
5939405
5939882
5939717
5939698
5938777
5939449
5939459
5939685
5938939
5938833
5939393
5939325
5939206
5938561
5939235
5939309
5939650
5939003
5938733
5939370
5939361
5939239
5938885
5939356
5939397
5939692
5938844
5938804
5939383
5939277
5939278
5938599
5939315
5939340
5939744
5938799
5938686
5939285
5939344
5939346
5938539
5939188
5939144
5939602
5938751
5938810
5939241
5939218
5939299
5938418
5938688
5939266
5939472
5938726
5938756
5939252
5939302
5939276
5938506
5937297
5939262
5939555
5938572
5938798
5939483
5939682
5939906
5939135
5940009
5939862
5940050
5938967
5938689
5939114
5938969
5939163
5938451
5939189
5939098
5939412
5938651
5938509
5939057
5939081
5939078
5938120
5938346
5938399
5938917
5939530
5940720
5943414
5945027
5946535
5946940
5943874
5941293
5941244
5939681
5939009
5939356
5939309
5939354
5938683
5939197
5939293
5939590
5939079
5938775
5939428
5939516
5939461
5938715
5939348
5939595
5939971
5939639
5938806
5939696
5939857
5939885
5939070
5939913
5940065
5940414
5939712
5939619
5940323
5940402
5940588
5939764
5940700
5940690
5941120
5940399
5940034
5940868
5940989
5941090
5940158
5940782
5940948
5941129
5940432
5940396
5940819
5940739
5940667
5939716
5940336
5940427
5940401
5939608
5931274
5939818
5939597
5939626
5938789
5939420
5939497
5939679
5938970
5938874
5939428
5939524
5939508
5938651
5939500
5939535
5939807
5939154
5938987
5939510
5939539
5939643
5938784
5939541
5939647
5939549
5939131
5938933
5939558
5939494
5939507
5938810
5939496
5939435
5939222
5939132
5938872
5939468
5939397
5939472
5938734
5939364
5939368
5939644
5939112
5938748
5939347
5939420
5939382
5938529
5939265
5939387
5939682
5938857
5938661
5939390
5939375
5939364
5938932
5939397
5939430
5939765
5938962
5938919
5939511
5939259
5939300
5938838
5939572
5940056
5940398
5939666
5939415
5939914
5939680
5939430
5938527
5939014
5939321
5939587
5938900
5938854
5939343
5939300
5939389
5938512
5938774
5939215
5939324
5938247
5938131
5938967
5940184
5941669
5942839
5945229
5946485
5947967
5943427
5940680
5940037
5939851
5939887
5938850
5939563
5939522
5939769
5939140
5938902
5939474
5939232
5939521
5938809
5939646
5939649
5939738
5939340
5939108
5939887
5939826
5939751
5939141
5939901
5940020
5940400
5939944
5939505
5940286
5940408
5940667
5939854
5940470
5940734
5941078
5940596
5940241
5941012
5941072
5941642
5940476
5941134
5941097
5941465
5940909
5940512
5941118
5941145
5943110
5940226
5940832
5940851
5940990
5941145
5939762
5940473
5940299
5940196
5939238
5939736
5939808
5940111
5939239
5938891
5939608
5939753
5939823
5938857
5939543
5939658
5939974
5939271
5938733
5939709
5939752
5939901
5938869
5939656
5939668
5940023
5939455
5937225
5939779
5939666
5939893
5939001
5939639
5939646
5939961
5939356
5939057
5939657
5939828
5939718
5938948
5939588
5939595
5939903
5939303
5938972
5939563
5939617
5939766
5938861
5939539
5939584
5939848
5939148
5938964
5939542
5939581
5939815
5938905
5939534
5939527
5939919
5939298
5938983
5939652
5939702
5939882
5938966
5939637
5939547
5939227
5939408
5939039
5939994
5940177
5940523
5939643
5940181
5940046
5940037
5939299
5938761
5939529
5939547
5939489
5938927
5939410
5939417
5939817
5938992
5938757
5939393
5939441
5943247
5938233
5938562
5939193
5940718
5941505
5942545
5945181
5946858
5947552
5943461
5941111
5940016
5940259
5939375
5939065
5939648
5939684
5939734
5938777
5939303
5939580
5939810
5939264
5939118
5939691
5939747
5939861
5939078
5939285
5939906
5940168
5939590
5939421
5940056
5940073
5940283
5939510
5940238
5940364
5940720
5940081
5939988
5940650
5940811
5941092
5940144
5940805
5941070
5941301
5940854
5940559
5941235
5941001
5941403
5940595
5941238
5941289
5941318
5940944
5940383
5941000
5941017
5941078
5939987
5940500
5940428
5940637
5939937
5939299
5939993
5939866
5939980
5939066
5939618
5939758
5939987
5939385
5938955
5939702
5939833
5939756
5939026
5939601
5939714
5940020
5939550
5939087
5939822
5939868
5939894
5938974
5939540
5939643
5940023
5939354
5939011
5939787
5939725
5939863
5939072
5939596
5939705
5940013
5939294
5938910
5939724
5939709
5939798
5939052
5939689
5939621
5939938
5939276
5939082
5939755
5939584
5939739
5938818
5939658
5939641
5939855
5939256
5939081
5939621
5939696
5939813
5938931
5939585
5939769
5939938
5939436
5939055
5939748
5939633
5939740
5939057
5940019
5940169
5940641
5940112
5939758
5940232
5940067
5940072
5938944
5939518
5939631
5939617
5939239
5938917
5939631
5939600
5939718
5938819
5939340
5939449
5939522
5938979
5938101
5939095
5939796
5941377
5942040
5944495
5946015
5948174
5946555
5941814
5940853
5940182
5940641
5939243
5939560
5939821
5940084
5939619
5938944
5939771
5939834
5939844
5938979
5939761
5939866
5940273
5940128
5939307
5939948
5939957
5940365
5939456
5940010
5940285
5940539
5939965
5939588
5940587
5940618
5940862
5939912
5940550
5940975
5941221
5940657
5940477
5941158
5941236
5941517
5940620
5941154
5941350
5941634
5941036
5940727
5941337
5941288
5941511
5940455
5941048
5941075
5941134
5940613
5940201
5940682
5940480
5940616
5939495
5939904
5939783
5940031
5939554
5939072
5939799
5939861
5940040
5939085
5939632
5939765
5939907
5939518
5939173
5939858
5939773
5939986
5939086
5939749
5939905
5940161
5939584
5938998
5939891
5939628
5940063
5939058
5939662
5939728
5939989
5939578
5938998
5939776
5939680
5940089
5939183
5939437
5939613
5940007
5939462
5938925
5939536
5939657
5939609
5939081
5939462
5939515
5939905
5939674
5938810
5939509
5939588
5939516
5939086
5939229
5939492
5939775
5939246
5938735
5939577
5939413
5939724
5938825
5939015
5939377
5939909
5939557
5939445
5940146
5940053
5940309
5941176
5939444
5939364
5939502
5939012
5938672
5939357
5939364
5939667
5938635
5938740
5939337
5939504
5938872
5938521
5939129
5938822
5939136
5938454
5939943
5940956
5942705
5943707
5944550
5945651
5942841
5939735
5938645
5935284
5939487
5939451
5939156
5938789
5939553
5939636
5939743
5938708
5939448
5939521
5939513
5939475
5938901
5939614
5939594
5939979
5939115
5939659
5939837
5939891
5939845
5939213
5940074
5940260
5940610
5939679
5939945
5940206
5940770
5940339
5939865
5940764
5940835
5941047
5940442
5940889
5941179
5941297
5940993
5940453
5941145
5941252
5941415
5940704
5940918
5941098
5941282
5940607
5940037
5940891
5940733
5940703
5940159
5940040
5940068
5940221
5939522
5939138
5939625
5939622
5939741
5938885
5939228
5939449
5939737
5939276
5938878
5939482
5939454
5939831
5938876
5939280
5939533
5939778
5939399
5939004
5939622
5939604
5939972
5938993
5939580
5939601
5939812
5939464
5938832
5939451
5939640
5939742
5938780
5935309
5939420
5939702
5939420
5938670
5939394
5939661
5939753
5938711
5931134
5939364
5939386
5939216
5938571
5939414
5939404
5939805
5938857
5939227
5939403
5939397
5939119
5938399
5939511
5939608
5940060
5939265
5939900
5939957
5939738
5939580
5938720
5939245
5939297
5939689
5938715
5939101
5939265
5939489
5939108
5938510
5939216
5939297
5939390
5938679
5938772
5938620
5939019
5938947
5939332
5941553
5943389
5944805
5945121
5945244
5941612
5940271
5939491
5939111
5939753
5939449
5939720
5938802
5939232
5939348
5939635
5943293
5938559
5939527
5939626
5939783
5938979
5939295
5939690
5939922
5939479
5939132
5939841
5939863
5940210
5939368
5940051
5940196
5940298
5940005
5939721
5940404
5940606
5940903
5939985
5940775
5940829
5941097
5940783
5940254
5941069
5941142
5941472
5940566
5941077
5941113
5941301
5940913
5940317
5941085
5940956
5941241
5940195
5940559
5940435
5940694
5940077
5939320
5939961
5939980
5940019
5939193
5939473
5939691
5939944
5939442
5938828
5939623
5939620
5939937
5939135
5939403
5939689
5939964
5939895
5938856
5939762
5939708
5939926
5939192
5939519
5939742
5939880
5939633
5938813
5939713
5939741
5939905
5939162
5939435
5939645
5939923
5939386
5938763
5939633
5939529
5939909
5938825
5939223
5939561
5939731
5939342
5938881
5939614
5939567
5939791
5940987
5939294
5939540
5939816
5939376
5938899
5939581
5939654
5939828
5938730
5939262
5939678
5939987
5939962
5939495
5940192
5940259
5940265
5939089
5938463
5939519
5939567
5939315
5938702
5939448
5939496
5939792
5938918
5935186
5939333
5939502
5939180
5938472
5938718
5938811
5939543
5939626
5941450
5942582
5944904
5946211
5946281
5943343
5941342
5940705
5939589
5939866
5939715
5939731
5939673
5938908
5939723
5939772
5939779
5939026
5939495
5939699
5940039
5939760
5939024
5939847
5939942
5940235
5939440
5939720
5940093
5940351
5940174
5939410
5940331
5940422
5940613
5939817
5940226
5940648
5940873
5940455
5940025
5940782
5941010
5941333
5940701
5940848
5941196
5941445
5943024
5940264
5941155
5941292
5941451
5940494
5940960
5941046
5941203
5940753
5940096
5940699
5940582
5940698
5939702
5939877
5940141
5940208
5939755
5939126
5939850
5939959
5940115
5947358
5939701
5939862
5939989
5939629
5939036
5939823
5939911
5940157
5939283
5939830
5939877
5940088
5939729
5939178
5939997
5939908
5940183
5939291
5939724
5939851
5939852
5939689
5939079
5939900
5939960
5940163
5939237
5939664
5939848
5939803
5939734
5939045
5939840
5939788
5940008
5939253
5939556
5939815
5940072
5939773
5939052
5939865
5939901
5940336
5939288
5939630
5939896
5939246
5939768
5938922
5939859
5940025
5940393
5939761
5940343
5940518
5940601
5940082
5939284
5939735
5939798
5939910
5939048
5939400
5939725
5939873
5939408
5938751
5939692
5939702
5939847
5938835
5939157
5939135
5939158
5939227
5939207
5941557
5943373
5945350
5946277
5947625
5944970
5942306
5940427
5939780
5940444
5940109
5940119
5939389
5939295
5939955
5940062
5939699
5939188
5939966
5939964
5940291
5939429
5939982
5940019
5940302
5940044
5939425
5940288
5940292
5940636
5939840
5940283
5940520
5940635
5940552
5939921
5940809
5940914
5941202
5940378
5940871
5941159
5941475
5941256
5940624
5941431
5941522
5941719
5940942
5941264
5941561
5941720
5941408
5940734
5941494
5941385
5941739
5940698
5940815
5941013
5941132
5940962
5939922
5940629
5940496
5941140
5939736
5939988
5940228
5940345
5940114
5939420
5940110
5940191
5940432
5939466
5939812
5940242
5940323
5939913
5939270
5940198
5940249
5940480
5939820
5939860
5940278
5940339
5939973
5939241
5940134
5940218
5940431
5939501
5939836
5940145
5940278
5939915
5939427
5940171
5940094
5940349
5939392
5939468
5940148
5940246
5939927
5939352
5940184
5940145
5940286
5939403
5939910
5940077
5940097
5939933
5939362
5940118
5940164
5940394
5939552
5939913
5940207
5940054
5940097
5939643
5940741
5940870
5941158
5940233
5940348
5940407
5940167
5939945
5939196
5940151
5940151
5940353
5939512
5939749
5939917
5940212
5939919
5939134
5939918
5939744
5939749
5938679
5939444
5940885
5941930
5943472
5944736
5947231
5948328
5946104
5941848
5940570
5940601
5940750
5940248
5939417
5940320
5940270
5940432
5939825
5939934
5940243
5940412
5940497
5939555
5940408
5940425
5940700
5940030
5940175
5940595
5940751
5940382
5939955
5940745
5940775
5941063
5940228
5940519
5941068
5941301
5940926
5940643
5941296
5941429
5941735
5940832
5941004
5941633
5941818
5941549
5941030
5941736
5941829
5942059
5941093
5941070
5941711
5941801
5941502
5940903
5941529
5941419
5941651
5940581
5940848
5940938
5941000
5940583
5939819
5940585
5940446
5940737
5939781
5940205
5940478
5940379
5940230
5939553
5940463
5940461
5940707
5939823
5940232
5940369
5940359
5940325
5939581
5940415
5940429
5940481
5939710
5940087
5940298
5940478
5940237
5939530
5940239
5940238
5940515
5939585
5939871
5940151
5940352
5940063
5939359
5940064
5940142
5940295
5939646
5939715
5940021
5940138
5939937
5939181
5940033
5940086
5940242
5939598
5939631
5940096
5940045
5939832
5939345
5940042
5940052
5940333
5939452
5939479
5939917
5940153
5940315
5939538
5940664
5940715
5941112
5939920
5939899
5939985
5939906
5939635
5939145
5939933
5939872
5940217
5939207
5939200
5939845
5939795
5939676
5938886
5939459
5939389
5939534
5938822
5940064
5941037
5942946
5944597
5945320
5947327
5945369
5941485
5939515
5939947
5940149
5940007
5939918
5939337
5939991
5940063
5940325
5939384
5939740
5940057
5940067
5939998
5939248
5940163
5940221
5940516
5939758
5940115
5940388
5940346
5940590
5939746
5940641
5940730
5941227
5940331
5940633
5940943
5941216
5941035
5940352
5941296
5941361
5941577
5940998
5941220
5941653
5941770
5941624
5940839
5941761
5941700
5941937
5941228
5941230
5941699
5941731
5941359
5940826
5941435
5941317
5941416
5940620
5940434
5940794
5940763
5940255
5939561
5940337
5940195
5940493
5939580
5939824
5940161
5940214
5940021
5939356
5940113
5940184
5940487
5939507
5939471
5940099
5940210
5939986
5939361
5940106
5940140
5940396
5939503
5939384
5940069
5940151
5939868
5939289
5940127
5939991
5940342
5939440
5939687
5940213
5940022
5939858
5939075
5939875
5939719
5940199
5939264
5931398
5939923
5939857
5939701
5939101
5939810
5939868
5940098
5939327
5939583
5939957
5939903
5939738
5938925
5939958
5940029
5940551
5939965
5940090
5940433
5940449
5940061
5939016
5939712
5939719
5939987
5939285
5939414
5939759
5939800
5939702
5938813
5939660
5939673
5939903
5939061
5938794
5939096
5939481
5940019
5940512
5943104
5944941
5946576
5946870
5944101
5941125
5940188
5941029
5939352
5939956
5939848
5940222
5939254
5939380
5939892
5939990
5939659
5939148
5939914
5939995
5940289
5939449
5939628
5940173
5940198
5940050
5939476
5940302
5940450
5940810
5939909
5939885
5940699
5940673
5940666
5940053
5940949
5940910
5941333
5940534
5940985
5941323
5941389
5941272
5940655
5941467
5941426
5941817
5940869
5941253
5941562
5941562
5941410
5940740
5941404
5941299
5941550
5940641
5940673
5940950
5940956
5940576
5939782
5940322
5940709
5940522
5939577
5939799
5940025
5940176
5940115
5939265
5940015
5940019
5940244
5939605
5939696
5940094
5939276
5940156
5939365
5940073
5940094
5940327
5939607
5939594
5940077
5940257
5940065
5939260
5939921
5939974
5940350
5939611
5939628
5939899
5940040
5939808
5939321
5939910
5939946
5940262
5939544
5939418
5939820
5939964
5939734
5939086
5939868
5939859
5940162
5939251
5939248
5939945
5939947
5939692
5939197
5939823
5939707
5940087
5939365
5939628
5940291
5940618
5940482
5939808
5940416
5940220
5940218
5939211
5938505
5939745
5939874
5939634
5939065
5939783
5939676
5940056
5939202
5937346
5939645
5939694
5939279
5938249
5938240
5939863
5941637
5942228
5944504
5945887
5947783
5946454
5941867
5941183
5940621
5940779
5939816
5939611
5940189
5940209
5940046
5939273
5939938
5940034
5940368
5939572
5939744
5940137
5939819
5940279
5939507
5940239
5940333
5940714
5940039
5940028
5940540
5940674
5940695
5939935
5940693
5940799
5941140
5940545
5940551
5941118
5941301
5941274
5940573
5941361
5941386
5941796
5941133
5941055
5941565
5941599
5941326
5940964
5941470
5941502
5941683
5940873
5940974
5941361
5941328
5941051
5940245
5940918
5940785
5940996
5939992
5939792
5940448
5940341
5940194
5939451
5940263
5940297
5940617
5939732
5939515
5940303
5940349
5940249
5939507
5940299
5940274
5940591
5939682
5940092
5940253
5940333
5940253
5939443
5939736
5940257
5940642
5939759
5939944
5940181
5940130
5940195
5939370
5940204
5940164
5940513
5939709
5939742
5941220
5940022
5940069
5939479
5940153
5940113
5940404
5939620
5939698
5940148
5939997
5940216
5939521
5940283
5940215
5940510
5939863
5939715
5940038
5939303
5940730
5939890
5940965
5940874
5941119
5940448
5940022
5940258
5940156
5940130
5939391
5939973
5940023
5940358
5939708
5939565
5940122
5940091
5939784
5939147
5939956
5939675
5939635
5939115
5939227
5941345
5942585
5944481
5944934
5947696
5948076
5944402
5941287
5940296
5940735
5940715
5940075
5939553
5940331
5940210
5940502
5939604
5939693
5940261
5940380
5940220
5939646
5940403
5940421
5940758
5940061
5939334
5940568
5940732
5940696
5940058
5940897
5940750
5941291
5940393
5940786
5941226
5941318
5941303
5940672
5941424
5941509
5941937
5941153
5941313
5941800
5941978
5941884
5941043
5941873
5941908
5942145
5941384
5941411
5941780
5941860
5941785
5940961
5941568
5941491
5941558
5940804
5940671
5940991
5941017
5940971
5939877
5940631
5940589
5940829
5940136
5940107
5940449
5940571
5940565
5939709
5940450
5940539
5940808
5940131
5939995
5940511
5940583
5940405
5939785
5940481
5940576
5940792
5940132
5939948
5940500
5940486
5940327
5939647
5940446
5940443
5940737
5939834
5939853
5940348
5940429
5940168
5939554
5940308
5940372
5940638
5939758
5939580
5940269
5940325
5940265
5939530
5940061
5940182
5940519
5939710
5939511
5940373
5940338
5940263
5939491
5939971
5940036
5940713
5940120
5940634
5940969
5940987
5940946
5939943
5940499
5940103
5940508
5939669
5939702
5940133
5940118
5940144
5939346
5940122
5939995
5940383
5939532
5939604
5939819
5939623
5939389
5938811
5940566
5941500
5943572
5944890
5946226
5948267
5946142
5942328
5940069
5940669
5940459
5940928
5939792
5939990
5940388
5939241
5940315
5939479
5940321
5940289
5940734
5939934
5939891
5940360
5940482
5940668
5939732
5940577
5940691
5941061
5940380
5940262
5940865
5941065
5940965
5940436
5941052
5941235
5941650
5940793
5940813
5941453
5941608
5941522
5940898
5941602
5941797
5942171
5941291
5941429
5941824
5941836
5941846
5941084
5941733
5941653
5942021
5941142
5940954
5941479
5941401
5941194
5940311
5941019
5940730
5941009
5940061
5940097
5940449
5940366
5940382
5939522
5940397
5940184
5940604
5939858
5939885
5940312
5940389
5940326
5939546
5940393
5940432
5940679
5939913
5939879
5940285
5940462
5940573
5939575
5940315
5940358
5940600
5939797
5939837
5940372
5940001
5940264
5939419
5940114
5940212
5940566
5939713
5939665
5940136
5940219
5940257
5939387
5940059
5940035
5940360
5939700
5939478
5940248
5940249
5940256
5939447
5940161
5940225
5940313
5939579
5939410
5940308
5940393
5941181
5940077
5940636
5940659
5940887
5939889
5939385
5939947
5939926
5939893
5939108
5939887
5939977
5940240
5939271
5939011
5939938
5939870
5939937
5938941
5939446
5939306
5939998
5940038
5940952
5943480
5945054
5946292
5945983
5943381
5940441
5940186
5939588
5939560
5940012
5939984
5940173
5939277
5939712
5939921
5940322
5939647
5939606
5940182
5940244
5940180
5939374
5939284
5940327
5940739
5939997
5940004
5940560
5940733
5940741
5939960
5940757
5940904
5941231
5940508
5940607
5941043
5941219
5941259
5940510
5941308
5941485
5941901
5941213
5941168
5941692
5941725
5941814
5941008
5941697
5941629
5941773
5941279
5941055
5941676
5941425
5941719
5940607
5941207
5941053
5940800
5940241
5939975
5940589
5940492
5940711
5939566
5940093
5940147
5940457
5939785
5939471
5940216
5940218
5941126
5939664
5940090
5940150
5940507
5940193
5939481
5940309
5940296
5940313
5939705
5940100
5940165
5940537
5939646
5939621
5940181
5940172
5940176
5939313
5940073
5940144
5940381
5939617
5939663
5940110
5940081
5940088
5939278
5939718
5939977
5940362
5939586
5939520
5940011
5940080
5940129
5939258
5940108
5940037
5940379
5939568
5935339
5939916
5940136
5940346
5939755
5940731
5940600
5940901
5940023
5939694
5939848
5939965
5939923
5939097
5939871
5939830
5940032
5939478
5939254
5939819
5939498
5939965
5939034
5939670
5939232
5939236
5939017
5939622
5941517
5942535
5945229
5945653
5947826
5944766
5942634
5940627
5940012
5940454
5940302
5940312
5939454
5940105
5940082
5940483
5939806
5939376
5940206
5940166
5940576
5939581
5940234
5940309
5940606
5940050
5939659
5940489
5940490
5940457
5939811
5940517
5940749
5941209
5940345
5939999
5941030
5941043
5941137
5940446
5941143
5941311
5941714
5940992
5940558
5941593
5941571
5941704
5940799
5941329
5941636
5941990
5941103
5941118
5941510
5941537
5941532
5940574
5941233
5941028
5941392
5940387
5940184
5940715
5940485
5940603
5939535
5939287
5940306
5940564
5939902
5939771
5940287
5940170
5940330
5939451
5940234
5940456
5940388
5939810
5939701
5940182
5940382
5940432
5939483
5940182
5940245
5940621
5939884
5939698
5940302
5940250
5940380
5939430
5940085
5940243
5940285
5939831
5939512
5940151
5940191
5940433
5939427
5940034
5940128
5940511
5939776
5939443
5940144
5940139
5940568
5939503
5940015
5940171
5940461
5939915
5939493
5940233
5940207
5941065
5939421
5940028
5940330
5940834
5940248
5940118
5940841
5940848
5940488
5939671
5939922
5939960
5940333
5939510
5939320
5940061
5939978
5940021
5939223
5939917
5939907
5940303
5939359
5938805
5939523
5939259
5939696
5940096
5942005
5943567
5945717.00000000000000000000